Timestamp;DateTime;Pirog17-cr1_ae0.1117(AS204272 Asarta-bg1)_tx;Pirog17-cr1_ae0.1117(AS204272 Asarta-bg1)_rx;Pirog17-cr1_ae0.1118(AS204272 Asarta-bg2)_tx;Pirog17-cr1_ae0.1118(AS204272 Asarta-bg2)_rx;Aggregated_tx;Aggregated_rx
1635886800;2021-11-03 00:00;1734550336;258072072;1730423056;256363544;3464973392;514435616
1635886860;2021-11-03 00:01;1678267896;242218456;1927587880;279759440;3605855776;521977896
1635886920;2021-11-03 00:02;1575465096;243284768;1948117776;263940704;3523582872;507225472
1635886980;2021-11-03 00:03;1589256296;249272960;1928714752;243228544;3517971048;492501504
1635887040;2021-11-03 00:04;1617279232;275124056;2024861240;227482192;3642140472;502606248
1635887100;2021-11-03 00:05;1570736888;246166088;2058404288;246001280;3629141176;492167368
1635887160;2021-11-03 00:06;1696765672;261201640;1991119664;243004216;3687885336;504205856
1635887220;2021-11-03 00:07;1607300856;265776872;1886953104;231874576;3494253960;497651448
1635887280;2021-11-03 00:08;1743959992;264332984;1800244968;205587272;3544204960;469920256
1635887340;2021-11-03 00:09;1685714872;246119200;1871051984;230695368;3556766856;476814568
1635887400;2021-11-03 00:10;1622200424;252135320;1883601856;255223992;3505802280;507359312
1635887460;2021-11-03 00:11;1587812600;199424328;1736576160;248437256;3324388760;447861584
1635887520;2021-11-03 00:12;1631901680;217400592;1696044288;229466720;3327945968;446867312
1635887580;2021-11-03 00:13;1582001744;218819224;1638995856;215422616;3220997600;434241840
1635887640;2021-11-03 00:14;1476926320;221881960;1596561936;223136056;3073488256;445018016
1635887700;2021-11-03 00:15;1577502128;239021928;1678491440;233955976;3255993568;472977904
1635887760;2021-11-03 00:16;1590097616;244965464;1606315728;206755624;3196413344;451721088
1635887820;2021-11-03 00:17;1596991640;238062208;1703037184;207744360;3300028824;445806568
1635887880;2021-11-03 00:18;1620473096;269054136;1640796824;233670264;3261269920;502724400
1635887940;2021-11-03 00:19;1585322864;263140088;1567040248;189993688;3152363112;453133776
1635888000;2021-11-03 00:20;1517918480;266071296;1834307352;210742216;3352225832;476813512
1635888060;2021-11-03 00:21;1531231504;238782816;1729440816;207544168;3260672320;446326984
1635888120;2021-11-03 00:22;1619856320;243360312;1672954720;217398728;3292811040;460759040
1635888180;2021-11-03 00:23;1664649216;266195192;1651957680;243033920;3316606896;509229112
1635888240;2021-11-03 00:24;1620851816;250004728;1577017640;223858384;3197869456;473863112
1635888300;2021-11-03 00:25;1493657848;239740896;1733255456;214868464;3226913304;454609360
1635888360;2021-11-03 00:26;1562246544;234142960;1790379408;219039112;3352625952;453182072
1635888420;2021-11-03 00:27;1525460784;229618744;1611511224;220365144;3136972008;449983888
1635888480;2021-11-03 00:28;1524467864;211979544;1586442208;247278112;3110910072;459257656
1635888540;2021-11-03 00:29;1479748832;239214288;1687893640;256127736;3167642472;495342024
1635888600;2021-11-03 00:30;1572761640;236174632;1596218104;269899600;3168979744;506074232
1635888660;2021-11-03 00:31;1549137120;220192336;1552812840;245710872;3101949960;465903208
1635888720;2021-11-03 00:32;1522343952;219030008;1535214456;225792248;3057558408;444822256
1635888780;2021-11-03 00:33;1546275728;233675200;1576356384;255158592;3122632112;488833792
1635888840;2021-11-03 00:34;1462784944;237073000;1489730312;273956248;2952515256;511029248
1635888900;2021-11-03 00:35;1509668504;253978768;1600881096;268403624;3110549600;522382392
1635888960;2021-11-03 00:36;1569915416;253573464;1408822560;255200592;2978737976;508774056
1635889020;2021-11-03 00:37;1474120080;250021264;1436396944;225129208;2910517024;475150472
1635889080;2021-11-03 00:38;1510674080;256508432;1485552040;204208584;2996226120;460717016
1635889140;2021-11-03 00:39;1342485872;235801904;1538158360;201757408;2880644232;437559312
1635889200;2021-11-03 00:40;1440013464;218728768;1428719384;233492320;2868732848;452221088
1635889260;2021-11-03 00:41;1489966104;238013888;1484061040;233817912;2974027144;471831800
1635889320;2021-11-03 00:42;1433354136;349891720;1525750392;231793440;2959104528;581685160
1635889380;2021-11-03 00:43;1401733720;231229952;1446594880;234831408;2848328600;466061360
1635889440;2021-11-03 00:44;1429411544;221334728;1461783112;213439552;2891194656;434774280
1635889500;2021-11-03 00:45;1528812440;215103360;1449831184;303820944;2978643624;518924304
1635889560;2021-11-03 00:46;1461877192;203342696;1517346104;255445976;2979223296;458788672
1635889620;2021-11-03 00:47;1405728024;214667312;1469489320;255893224;2875217344;470560536
1635889680;2021-11-03 00:48;1193203696;197945336;1477929280;209467176;2671132976;407412512
1635889740;2021-11-03 00:49;1327127720;193092056;1466830632;192065864;2793958352;385157920
1635889800;2021-11-03 00:50;1297058984;239015328;1405415872;177892480;2702474856;416907808
1635889860;2021-11-03 00:51;1256905640;230828688;1412123872;180353016;2669029512;411181704
1635889920;2021-11-03 00:52;1180525824;235235480;1383003048;179918064;2563528872;415153544
1635889980;2021-11-03 00:53;1259019656;269634704;1298638816;175070736;2557658472;444705440
1635890040;2021-11-03 00:54;1207206784;262077056;1386295896;156323200;2593502680;418400256
1635890100;2021-11-03 00:55;1234196448;245957728;1296160608;184247016;2530357056;430204744
1635890160;2021-11-03 00:56;1111997136;254765248;1361017856;210274632;2473014992;465039880
1635890220;2021-11-03 00:57;1110562512;252175920;1306078984;173631944;2416641496;425807864
1635890280;2021-11-03 00:58;1135100848;215112368;1343100472;165392504;2478201320;380504872
1635890340;2021-11-03 00:59;1158412256;223944416;1392325008;181603336;2550737264;405547752
1635890400;2021-11-03 01:00;1278556568;211902344;1361642200;179239504;2640198768;391141848
1635890460;2021-11-03 01:01;1251812864;254757904;1294522376;175682960;2546335240;430440864
1635890520;2021-11-03 01:02;1230389200;213938088;1244551792;188292720;2474940992;402230808
1635890580;2021-11-03 01:03;1213658936;218758552;1216428424;199669272;2430087360;418427824
1635890640;2021-11-03 01:04;1239162752;200490400;1215151416;182005736;2454314168;382496136
1635890700;2021-11-03 01:05;1096798576;243105656;1255799376;184268560;2352597952;427374216
1635890760;2021-11-03 01:06;1081375232;305145680;1312769008;171321888;2394144240;476467568
1635890820;2021-11-03 01:07;1032548432;231951848;1296588864;177679624;2329137296;409631472
1635890880;2021-11-03 01:08;985099560;262626240;1285800192;168779792;2270899752;431406032
1635890940;2021-11-03 01:09;998198336;253568464;1251345944;170720072;2249544280;424288536
1635891000;2021-11-03 01:10;969466520;247316144;1167834016;191483520;2137300536;438799664
1635891060;2021-11-03 01:11;974916736;208210984;1136010792;175226848;2110927528;383437832
1635891120;2021-11-03 01:12;967768704;259083696;1205437624;176858904;2173206328;435942600
1635891180;2021-11-03 01:13;996069144;241141960;1186903760;182260400;2182972904;423402360
1635891240;2021-11-03 01:14;951717384;216315128;1159190704;174599208;2110908088;390914336
1635891300;2021-11-03 01:15;1026279352;239874520;1171972824;186354864;2198252176;426229384
1635891360;2021-11-03 01:16;1090224032;222700016;1125115408;193040992;2215339440;415741008
1635891420;2021-11-03 01:17;1055723624;205053848;1105758664;201831096;2161482288;406884944
1635891480;2021-11-03 01:18;1034566240;197216368;1138712008;178549688;2173278248;375766056
1635891540;2021-11-03 01:19;1045411448;190073336;1146356672;188752632;2191768120;378825968
1635891600;2021-11-03 01:20;1020250056;227422920;1100323784;223929328;2120573840;451352248
1635891660;2021-11-03 01:21;1029671872;202677496;1104349696;202385544;2134021568;405063040
1635891720;2021-11-03 01:22;982310896;196133760;1119358288;194841864;2101669184;390975624
1635891780;2021-11-03 01:23;1028786976;196048456;1069766440;210326120;2098553416;406374576
1635891840;2021-11-03 01:24;928215016;226692152;1003377712;151973936;1931592728;378666088
1635891900;2021-11-03 01:25;1087256080;207630120;1044986400;157880248;2132242480;365510368
1635891960;2021-11-03 01:26;1014848184;242123464;1041114328;203093376;2055962512;445216840
1635892020;2021-11-03 01:27;1019637336;224328928;1060825872;189869008;2080463208;414197936
1635892080;2021-11-03 01:28;993912072;215829256;988187240;207717400;1982099312;423546656
1635892140;2021-11-03 01:29;936729152;239933096;911920088;175412056;1848649240;415345152
1635892200;2021-11-03 01:30;979420392;221155992;1058002320;202909056;2037422712;424065048
1635892260;2021-11-03 01:31;906536104;198150528;1041881328;167159696;1948417432;365310224
1635892320;2021-11-03 01:32;854073992;272541664;935894664;198178592;1789968656;470720256
1635892380;2021-11-03 01:33;823882192;262213984;966834192;173239360;1790716384;435453344
1635892440;2021-11-03 01:34;880629440;194037368;958677288;240843288;1839306728;434880656
1635892500;2021-11-03 01:35;899999432;182457720;915985576;215992800;1815985008;398450520
1635892560;2021-11-03 01:36;942644824;259017480;994765336;243054464;1937410160;502071944
1635892620;2021-11-03 01:37;928023624;266014656;917397424;240721432;1845421048;506736088
1635892680;2021-11-03 01:38;989860104;198122704;885494120;253990104;1875354224;452112808
1635892740;2021-11-03 01:39;921216008;213198896;959797424;245788192;1881013432;458987088
1635892800;2021-11-03 01:40;968779896;191618000;1015949144;270230816;1984729040;461848816
1635892860;2021-11-03 01:41;912204376;173086448;950680648;222733936;1862885024;395820384
1635892920;2021-11-03 01:42;835497576;175034552;908874288;214065312;1744371864;389099864
1635892980;2021-11-03 01:43;807112992;166421672;965582368;226039632;1772695360;392461304
1635893040;2021-11-03 01:44;752819304;149100536;1183154168;193557896;1935973472;342658432
1635893100;2021-11-03 01:45;729404168;178328688;1094379640;171828320;1823783808;350157008
1635893160;2021-11-03 01:46;753034856;179706968;1072202688;199468240;1825237544;379175208
1635893220;2021-11-03 01:47;745968720;207959128;1150524432;206438208;1896493152;414397336
1635893280;2021-11-03 01:48;716907656;190292944;941350848;155514096;1658258504;345807040
1635893340;2021-11-03 01:49;797195608;188590480;1091965720;147488544;1889161328;336079024
1635893400;2021-11-03 01:50;727752984;165109088;1053075912;152138320;1780828896;317247408
1635893460;2021-11-03 01:51;768691032;175717480;1062214712;158227040;1830905744;333944520
1635893520;2021-11-03 01:52;679041072;163572576;979902248;141940600;1658943320;305513176
1635893580;2021-11-03 01:53;729094096;161984000;995677440;136399104;1724771536;298383104
1635893640;2021-11-03 01:54;761838448;166188120;915337312;159741216;1677175760;325929336
1635893700;2021-11-03 01:55;738515048;183090296;921989544;141352400;1660504592;324442696
1635893760;2021-11-03 01:56;739835560;162915040;1041954776;119947904;1781790336;282862944
1635893820;2021-11-03 01:57;754310232;264091312;1024241920;126336032;1778552152;390427344
1635893880;2021-11-03 01:58;714726536;184035040;1005298432;116840200;1720024968;300875240
1635893940;2021-11-03 01:59;814633216;228444696;976858272;118457520;1791491488;346902216
1635894000;2021-11-03 02:00;763632416;227831264;1112483528;120733376;1876115944;348564640
1635894060;2021-11-03 02:01;757580992;155980200;1021394192;134416488;1778975184;290396688
1635894120;2021-11-03 02:02;720113024;166108736;1005017376;155385768;1725130400;321494504
1635894180;2021-11-03 02:03;718794136;241445296;954982992;122160472;1673777128;363605768
1635894240;2021-11-03 02:04;805225856;146031848;970105320;144334968;1775331176;290366816
1635894300;2021-11-03 02:05;765288904;186570040;972761104;150955776;1738050008;337525816
1635894360;2021-11-03 02:06;782616776;252868344;928206648;116528968;1710823424;369397312
1635894420;2021-11-03 02:07;787337720;265225240;918685152;149083512;1706022872;414308752
1635894480;2021-11-03 02:08;754791512;203243768;835321456;172499816;1590112968;375743584
1635894540;2021-11-03 02:09;650043560;196161200;823974496;152478320;1474018056;348639520
1635894600;2021-11-03 02:10;704994544;156317344;881895552;141158360;1586890096;297475704
1635894660;2021-11-03 02:11;654740880;191940072;863088280;144435560;1517829160;336375632
1635894720;2021-11-03 02:12;639884920;240932768;912154192;149352416;1552039112;390285184
1635894780;2021-11-03 02:13;639430408;213824344;928180472;157004648;1567610880;370828992
1635894840;2021-11-03 02:14;619344000;180914192;863662376;169975384;1483006376;350889576
1635894900;2021-11-03 02:15;604844144;235307400;950682448;158838176;1555526592;394145576
1635894960;2021-11-03 02:16;639167664;169448856;871606968;169960152;1510774632;339409008
1635895020;2021-11-03 02:17;614320080;154501600;866008320;186380640;1480328400;340882240
1635895080;2021-11-03 02:18;671350072;137761600;832298224;189864096;1503648296;327625696
1635895140;2021-11-03 02:19;677457264;165776560;783433160;168315768;1460890424;334092328
1635895200;2021-11-03 02:20;660648760;122317888;916977288;153031344;1577626048;275349232
1635895260;2021-11-03 02:21;680993152;128783752;828541104;194516000;1509534256;323299752
1635895320;2021-11-03 02:22;709424840;122256856;837342888;189172440;1546767728;311429296
1635895380;2021-11-03 02:23;709458040;131107304;814610944;200488624;1524068984;331595928
1635895440;2021-11-03 02:24;659545288;139516872;847264880;161026888;1506810168;300543760
1635895500;2021-11-03 02:25;644566432;202096616;812133712;158307584;1456700144;360404200
1635895560;2021-11-03 02:26;651216344;193781880;861829576;161855560;1513045920;355637440
1635895620;2021-11-03 02:27;642212560;153337344;845222880;137474040;1487435440;290811384
1635895680;2021-11-03 02:28;656669392;139364520;869436960;141899880;1526106352;281264400
1635895740;2021-11-03 02:29;642845032;173421592;863303640;126422240;1506148672;299843832
1635895800;2021-11-03 02:30;677262816;160249944;830966096;156362104;1508228912;316612048
1635895860;2021-11-03 02:31;651453808;150585376;863563592;142187984;1515017400;292773360
1635895920;2021-11-03 02:32;691510296;166946136;842608376;132791608;1534118672;299737744
1635895980;2021-11-03 02:33;684165360;192087104;887875840;105660208;1572041200;297747312
1635896040;2021-11-03 02:34;648213904;180827672;781734760;137391608;1429948664;318219280
1635896100;2021-11-03 02:35;703396800;218512832;798740368;152909088;1502137168;371421920
1635896160;2021-11-03 02:36;680879216;131295720;786548192;120192736;1467427408;251488456
1635896220;2021-11-03 02:37;708900848;151853808;827730704;135082464;1536631552;286936272
1635896280;2021-11-03 02:38;714984552;137871504;826681272;164717064;1541665824;302588568
1635896340;2021-11-03 02:39;670891160;123483464;750777832;196991280;1421668992;320474744
1635896400;2021-11-03 02:40;627050552;141249592;887610048;263076312;1514660600;404325904
1635896460;2021-11-03 02:41;680086456;122436424;811254360;171903488;1491340816;294339912
1635896520;2021-11-03 02:42;636971328;116729944;812697408;170822760;1449668736;287552704
1635896580;2021-11-03 02:43;681163944;127186840;769566928;200078728;1450730872;327265568
1635896640;2021-11-03 02:44;652177552;118432032;779450640;235969040;1431628192;354401072
1635896700;2021-11-03 02:45;713234216;189637496;710038912;208549184;1423273128;398186680
1635896760;2021-11-03 02:46;657479280;147797704;582847632;146278552;1240326912;294076256
1635896820;2021-11-03 02:47;651481176;169567016;551519624;140967112;1203000800;310534128
1635896880;2021-11-03 02:48;607100472;165538264;476134672;134726592;1083235144;300264856
1635896940;2021-11-03 02:49;624608024;162189544;497203720;140668816;1121811744;302858360
1635897000;2021-11-03 02:50;605804344;274065960;488368032;145908888;1094172376;419974848
1635897060;2021-11-03 02:51;641191936;206193288;511739064;117260792;1152931000;323454080
1635897120;2021-11-03 02:52;629956368;132433208;559674288;100142464;1189630656;232575672
1635897180;2021-11-03 02:53;659010864;116234320;499838576;130822648;1158849440;247056968
1635897240;2021-11-03 02:54;630724448;120885752;594456016;108049816;1225180464;228935568
1635897300;2021-11-03 02:55;603968464;121754544;507066160;130963496;1111034624;252718040
1635897360;2021-11-03 02:56;576096776;116569480;546434496;114006976;1122531272;230576456
1635897420;2021-11-03 02:57;592456312;132674544;576294520;114278736;1168750832;246953280
1635897480;2021-11-03 02:58;584307264;132308624;582168576;119277200;1166475840;251585824
1635897540;2021-11-03 02:59;600959744;104219752;621211368;132849056;1222171112;237068808
1635897600;2021-11-03 03:00;573704136;130295000;575374144;155882584;1149078280;286177584
1635897660;2021-11-03 03:01;599700800;142636104;526266432;126027896;1125967232;268664000
1635897720;2021-11-03 03:02;592619296;122256120;514027408;112555432;1106646704;234811552
1635897780;2021-11-03 03:03;612581920;113519344;494819216;119711928;1107401136;233231272
1635897840;2021-11-03 03:04;567064168;130261552;497580800;147559008;1064644968;277820560
1635897900;2021-11-03 03:05;632190792;131315472;534679472;141719704;1166870264;273035176
1635897960;2021-11-03 03:06;584331496;152791056;524926928;136995592;1109258424;289786648
1635898020;2021-11-03 03:07;541991088;153224096;512867968;149690400;1054859056;302914496
1635898080;2021-11-03 03:08;583803560;113396608;542795256;141489704;1126598816;254886312
1635898140;2021-11-03 03:09;537346368;123123424;549725712;158598144;1087072080;281721568
1635898200;2021-11-03 03:10;569228032;141518480;562606144;150704800;1131834176;292223280
1635898260;2021-11-03 03:11;556023200;169306272;523210536;122067624;1079233736;291373896
1635898320;2021-11-03 03:12;545203824;163507576;511927872;135770656;1057131696;299278232
1635898380;2021-11-03 03:13;565094888;146205968;501712216;123165928;1066807104;269371896
1635898440;2021-11-03 03:14;571660456;137509456;530876784;126592664;1102537240;264102120
1635898500;2021-11-03 03:15;545333816;112119016;523698008;115971400;1069031824;228090416
1635898560;2021-11-03 03:16;545963408;155586904;496804176;136946344;1042767584;292533248
1635898620;2021-11-03 03:17;559318872;162314064;507625520;128309192;1066944392;290623256
1635898680;2021-11-03 03:18;552782464;122396368;474565296;96296064;1027347760;218692432
1635898740;2021-11-03 03:19;493266032;152485128;486641232;97966624;979907264;250451752
1635898800;2021-11-03 03:20;529354824;106216016;415917568;108227432;945272392;214443448
1635898860;2021-11-03 03:21;500734696;115481712;407108096;87288552;907842792;202770264
1635898920;2021-11-03 03:22;497000536;93455648;409501200;105213336;906501736;198668984
1635898980;2021-11-03 03:23;545588808;94154800;404737096;92468936;950325904;186623736
1635899040;2021-11-03 03:24;454230232;106535424;381824624;84241816;836054856;190777240
1635899100;2021-11-03 03:25;492670528;101127376;427729192;87644840;920399720;188772216
1635899160;2021-11-03 03:26;496190816;107266856;405952152;105928688;902142968;213195544
1635899220;2021-11-03 03:27;481395304;95391400;435842688;100099224;917237992;195490624
1635899280;2021-11-03 03:28;495633528;100977736;427193792;116575528;922827320;217553264
1635899340;2021-11-03 03:29;469735920;115692936;437435576;89093808;907171496;204786744
1635899400;2021-11-03 03:30;497529344;128368208;439897088;106234992;937426432;234603200
1635899460;2021-11-03 03:31;437369016;130857400;419571832;140229432;856940848;271086832
1635899520;2021-11-03 03:32;536116624;165433032;408028992;101519944;944145616;266952976
1635899580;2021-11-03 03:33;500157344;150735200;372215768;124893040;872373112;275628240
1635899640;2021-11-03 03:34;443102680;164979880;396520632;100965024;839623312;265944904
1635899700;2021-11-03 03:35;428606680;150669744;419904176;106234080;848510856;256903824
1635899760;2021-11-03 03:36;432821368;121140496;475409368;113832808;908230736;234973304
1635899820;2021-11-03 03:37;412627368;153345800;441633384;111861584;854260752;265207384
1635899880;2021-11-03 03:38;415570520;123447752;456983952;126496560;872554472;249944312
1635899940;2021-11-03 03:39;423544616;114225808;385224960;84524544;808769576;198750352
1635900000;2021-11-03 03:40;431939360;124363560;462393384;105583544;894332744;229947104
1635900060;2021-11-03 03:41;418340008;155690704;485557248;96982384;903897256;252673088
1635900120;2021-11-03 03:42;457005968;153714224;427130080;101688336;884136048;255402560
1635900180;2021-11-03 03:43;394297208;104905848;430479304;79570888;824776512;184476736
1635900240;2021-11-03 03:44;405679656;127406456;439711200;122466696;845390856;249873152
1635900300;2021-11-03 03:45;426130200;161970904;422946432;98470736;849076632;260441640
1635900360;2021-11-03 03:46;416437728;110751904;402908584;119354984;819346312;230106888
1635900420;2021-11-03 03:47;456542432;108122656;380479736;96648880;837022168;204771536
1635900480;2021-11-03 03:48;436144440;159695256;339367840;104563728;775512280;264258984
1635900540;2021-11-03 03:49;412780944;110932336;340018480;116673464;752799424;227605800
1635900600;2021-11-03 03:50;447905752;117872096;350669520;107333160;798575272;225205256
1635900660;2021-11-03 03:51;443839752;110437648;324477848;104819208;768317600;215256856
1635900720;2021-11-03 03:52;482322216;106160584;357198568;100324536;839520784;206485120
1635900780;2021-11-03 03:53;458389152;102419184;339805912;91058328;798195064;193477512
1635900840;2021-11-03 03:54;436345128;98408256;337632008;79259128;773977136;177667384
1635900900;2021-11-03 03:55;442793984;113918472;329354568;93723008;772148552;207641480
1635900960;2021-11-03 03:56;420214664;123002448;336431912;93306480;756646576;216308928
1635901020;2021-11-03 03:57;402773648;132967552;353367600;140181640;756141248;273149192
1635901080;2021-11-03 03:58;419771328;115498304;365491904;105868808;785263232;221367112
1635901140;2021-11-03 03:59;410723088;116052960;339004320;95935112;749727408;211988072
1635901200;2021-11-03 04:00;415598000;137977416;370016008;93882872;785614008;231860288
1635901260;2021-11-03 04:01;430610832;147191016;352156840;109599288;782767672;256790304
1635901320;2021-11-03 04:02;435703480;171797400;338248864;117902624;773952344;289700024
1635901380;2021-11-03 04:03;426823944;110027464;331409392;132480632;758233336;242508096
1635901440;2021-11-03 04:04;423985184;108551520;306911720;132624680;730896904;241176200
1635901500;2021-11-03 04:05;427364216;96775504;419951568;176340816;847315784;273116320
1635901560;2021-11-03 04:06;427483880;106019168;384692216;136887920;812176096;242907088
1635901620;2021-11-03 04:07;417198152;98530096;394603296;125252512;811801448;223782608
1635901680;2021-11-03 04:08;419602608;116735480;377119600;110341520;796722208;227077000
1635901740;2021-11-03 04:09;459275216;118168880;433469320;93515752;892744536;211684632
1635901800;2021-11-03 04:10;445241992;107262304;370711000;87186328;815952992;194448632
1635901860;2021-11-03 04:11;372682712;90011792;344900312;82614016;717583024;172625808
1635901920;2021-11-03 04:12;353985000;96639808;352123120;80015384;706108120;176655192
1635901980;2021-11-03 04:13;373650424;109274296;335860464;87788872;709510888;197063168
1635902040;2021-11-03 04:14;404162288;92290584;318768600;92434344;722930888;184724928
1635902100;2021-11-03 04:15;374588448;107494416;321422704;79848952;696011152;187343368
1635902160;2021-11-03 04:16;403487600;114285560;314016112;69754176;717503712;184039736
1635902220;2021-11-03 04:17;437538552;112306016;316395136;72180440;753933688;184486456
1635902280;2021-11-03 04:18;421084568;112745288;318488944;63424408;739573512;176169696
1635902340;2021-11-03 04:19;405300232;116020096;308101256;77725816;713401488;193745912
1635902400;2021-11-03 04:20;436564064;108269216;330037376;83192712;766601440;191461928
1635902460;2021-11-03 04:21;401218704;122495544;329309136;85095880;730527840;207591424
1635902520;2021-11-03 04:22;389130328;109820304;317786096;75712024;706916424;185532328
1635902580;2021-11-03 04:23;393267272;104866008;342752840;108739208;736020112;213605216
1635902640;2021-11-03 04:24;409225720;102313528;337147424;103030000;746373144;205343528
1635902700;2021-11-03 04:25;419968472;139675440;324599192;125359416;744567664;265034856
1635902760;2021-11-03 04:26;448906584;138442016;350689592;85306600;799596176;223748616
1635902820;2021-11-03 04:27;366507680;103261080;318737984;84135984;685245664;187397064
1635902880;2021-11-03 04:28;367089272;113411040;285556960;83576928;652646232;196987968
1635902940;2021-11-03 04:29;394245360;114384592;321500680;92063464;715746040;206448056
1635903000;2021-11-03 04:30;362810104;103397488;308122224;94521720;670932328;197919208
1635903060;2021-11-03 04:31;349255456;103828408;267876696;88116648;617132152;191945056
1635903120;2021-11-03 04:32;365146480;116247224;279540288;139728720;644686768;255975944
1635903180;2021-11-03 04:33;365471424;150254816;299551488;100838936;665022912;251093752
1635903240;2021-11-03 04:34;376028288;130118304;278879584;78702880;654907872;208821184
1635903300;2021-11-03 04:35;379642528;106056832;275190048;72487304;654832576;178544136
1635903360;2021-11-03 04:36;385206488;124747288;270887024;110657216;656093512;235404504
1635903420;2021-11-03 04:37;388006160;126285384;308976088;79133432;696982248;205418816
1635903480;2021-11-03 04:38;353592048;174670920;329007672;81206640;682599720;255877560
1635903540;2021-11-03 04:39;346292336;135348344;354587880;88520792;700880216;223869136
1635903600;2021-11-03 04:40;363779920;147743984;348942752;77695880;712722672;225439864
1635903660;2021-11-03 04:41;344193360;132587800;350579168;108001104;694772528;240588904
1635903720;2021-11-03 04:42;353429984;127411160;353219080;65848360;706649064;193259520
1635903780;2021-11-03 04:43;359729176;153233944;322784200;86355768;682513376;239589712
1635903840;2021-11-03 04:44;362205168;193009520;331764304;86633176;693969472;279642696
1635903900;2021-11-03 04:45;350750008;129729576;343588496;70613024;694338504;200342600
1635903960;2021-11-03 04:46;345817368;123655832;329767304;74819544;675584672;198475376
1635904020;2021-11-03 04:47;327790976;110310808;325120640;80476520;652911616;190787328
1635904080;2021-11-03 04:48;341684600;123312664;341824976;94071672;683509576;217384336
1635904140;2021-11-03 04:49;336468840;105818392;364911608;87172512;701380448;192990904
1635904200;2021-11-03 04:50;338327928;101912080;380752688;91129144;719080616;193041224
1635904260;2021-11-03 04:51;323352560;133768520;378630832;70094120;701983392;203862640
1635904320;2021-11-03 04:52;318096128;99839712;360428312;73992880;678524440;173832592
1635904380;2021-11-03 04:53;320543088;106337400;365842336;69433656;686385424;175771056
1635904440;2021-11-03 04:54;270853080;101805120;379105352;84005888;649958432;185811008
1635904500;2021-11-03 04:55;269128208;107675672;391928720;98807904;661056928;206483576
1635904560;2021-11-03 04:56;266481792;92403600;372261168;99471320;638742960;191874920
1635904620;2021-11-03 04:57;279709256;85578736;314790200;75650336;594499456;161229072
1635904680;2021-11-03 04:58;335205800;89704056;346044208;85968552;681250008;175672608
1635904740;2021-11-03 04:59;315909176;112956872;325929576;87588256;641838752;200545128
1635904800;2021-11-03 05:00;304850520;120722680;342474000;85315136;647324520;206037816
1635904860;2021-11-03 05:01;307414792;127285824;321982048;85247912;629396840;212533736
1635904920;2021-11-03 05:02;322699984;115015016;275683944;89903624;598383928;204918640
1635904980;2021-11-03 05:03;293465976;116931768;343664976;92738728;637130952;209670496
1635905040;2021-11-03 05:04;332463864;157548360;384221360;114597504;716685224;272145864
1635905100;2021-11-03 05:05;347963720;143221344;393209928;151125560;741173648;294346904
1635905160;2021-11-03 05:06;371332408;142805728;420297712;114531904;791630120;257337632
1635905220;2021-11-03 05:07;334271528;156864416;373792368;121005912;708063896;277870328
1635905280;2021-11-03 05:08;336602328;141457064;357602704;87278744;694205032;228735808
1635905340;2021-11-03 05:09;326035000;139478416;332406320;98686728;658441320;238165144
1635905400;2021-11-03 05:10;353696888;114888464;376758424;97725976;730455312;212614440
1635905460;2021-11-03 05:11;307416856;114257816;359830336;92097816;667247192;206355632
1635905520;2021-11-03 05:12;309055824;136111480;347750640;75934576;656806464;212046056
1635905580;2021-11-03 05:13;319380784;121570400;338783152;93606728;658163936;215177128
1635905640;2021-11-03 05:14;303761936;135188152;325326376;65040816;629088312;200228968
1635905700;2021-11-03 05:15;293185616;156226672;343066320;85889208;636251936;242115880
1635905760;2021-11-03 05:16;295585184;128538640;361430864;80558000;657016048;209096640
1635905820;2021-11-03 05:17;286528840;119268120;356952472;79177936;643481312;198446056
1635905880;2021-11-03 05:18;284569352;128976168;319841368;76152096;604410720;205128264
1635905940;2021-11-03 05:19;284893112;146439408;299165448;75789592;584058560;222229000
1635906000;2021-11-03 05:20;319478056;113137000;295809056;78546888;615287112;191683888
1635906060;2021-11-03 05:21;351920728;120382112;299183832;82281168;651104560;202663280
1635906120;2021-11-03 05:22;332528088;124063528;307539384;76774456;640067472;200837984
1635906180;2021-11-03 05:23;390660384;96613624;268537880;73628896;659198264;170242520
1635906240;2021-11-03 05:24;503916912;120903888;273476088;96106128;777393000;217010016
1635906300;2021-11-03 05:25;467147416;163962760;263669160;90613600;730816576;254576360
1635906360;2021-11-03 05:26;426600632;126940904;260562672;67578400;687163304;194519304
1635906420;2021-11-03 05:27;417081064;120713392;259827648;54552656;676908712;175266048
1635906480;2021-11-03 05:28;440896576;135514496;259993720;71898152;700890296;207412648
1635906540;2021-11-03 05:29;414355064;136116952;239682256;75763480;654037320;211880432
1635906600;2021-11-03 05:30;427150400;133044168;255317424;82598080;682467824;215642248
1635906660;2021-11-03 05:31;334632448;122504784;234724904;72027968;569357352;194532752
1635906720;2021-11-03 05:32;349224512;140669664;273539832;99373920;622764344;240043584
1635906780;2021-11-03 05:33;331474224;133467264;280251576;91489976;611725800;224957240
1635906840;2021-11-03 05:34;398859256;138453920;319572968;79731008;718432224;218184928
1635906900;2021-11-03 05:35;334493568;133542640;273174776;58896992;607668344;192439632
1635906960;2021-11-03 05:36;284267832;122246440;307069280;74344456;591337112;196590896
1635907020;2021-11-03 05:37;317161776;138353184;288831440;87910976;605993216;226264160
1635907080;2021-11-03 05:38;322047152;150859448;268693288;84282760;590740440;235142208
1635907140;2021-11-03 05:39;319203184;108163256;288197064;88127872;607400248;196291128
1635907200;2021-11-03 05:40;344598840;102330432;293680240;83571744;638279080;185902176
1635907260;2021-11-03 05:41;356404752;119155304;283664120;90355400;640068872;209510704
1635907320;2021-11-03 05:42;310890560;104833088;271113816;90854688;582004376;195687776
1635907380;2021-11-03 05:43;353971216;128535240;283853976;133614584;637825192;262149824
1635907440;2021-11-03 05:44;372106080;148919232;280431608;98902928;652537688;247822160
1635907500;2021-11-03 05:45;332218024;119564832;295923088;95655464;628141112;215220296
1635907560;2021-11-03 05:46;341056192;107529584;273896984;99108952;614953176;206638536
1635907620;2021-11-03 05:47;311997592;129553016;271047096;95871328;583044688;225424344
1635907680;2021-11-03 05:48;302891232;146043744;298903432;65248832;601794664;211292576
1635907740;2021-11-03 05:49;332356176;111675352;260315736;61985936;592671912;173661288
1635907800;2021-11-03 05:50;309737848;120244680;269811192;101986920;579549040;222231600
1635907860;2021-11-03 05:51;376378032;102772224;272689976;53600296;649068008;156372520
1635907920;2021-11-03 05:52;341867784;93145640;281958976;62524560;623826760;155670200
1635907980;2021-11-03 05:53;337059904;93945648;312683152;68731912;649743056;162677560
1635908040;2021-11-03 05:54;367669440;132204584;276783768;90871280;644453208;223075864
1635908100;2021-11-03 05:55;397084816;117770448;294830552;80555408;691915368;198325856
1635908160;2021-11-03 05:56;346572240;131691824;294771768;85026896;641344008;216718720
1635908220;2021-11-03 05:57;343965456;106948960;283491368;79719008;627456824;186667968
1635908280;2021-11-03 05:58;346288488;88887248;303338168;68084976;649626656;156972224
1635908340;2021-11-03 05:59;313275168;115194040;292281608;84409152;605556776;199603192
1635908400;2021-11-03 06:00;332281688;113577896;301748616;110208728;634030304;223786624
1635908460;2021-11-03 06:01;339919912;155010432;292590728;113717112;632510640;268727544
1635908520;2021-11-03 06:02;352598552;120334936;292803280;102410320;645401832;222745256
1635908580;2021-11-03 06:03;414882672;167078560;340239448;96802360;755122120;263880920
1635908640;2021-11-03 06:04;387323264;137085480;349830080;94743064;737153344;231828544
1635908700;2021-11-03 06:05;361110712;116840960;335964080;75079288;697074792;191920248
1635908760;2021-11-03 06:06;375705104;114642824;359373960;92206392;735079064;206849216
1635908820;2021-11-03 06:07;375707016;122624760;350285640;77024904;725992656;199649664
1635908880;2021-11-03 06:08;355756856;108475880;337200664;75403672;692957520;183879552
1635908940;2021-11-03 06:09;357703368;101105440;400179696;66623464;757883064;167728904
1635909000;2021-11-03 06:10;357500224;124590840;382687408;71863128;740187632;196453968
1635909060;2021-11-03 06:11;375270336;114460928;357831592;77042400;733101928;191503328
1635909120;2021-11-03 06:12;350535568;130518408;362420640;65909984;712956208;196428392
1635909180;2021-11-03 06:13;346406248;115502216;322505456;89488944;668911704;204991160
1635909240;2021-11-03 06:14;344033232;113043816;327636288;75921312;671669520;188965128
1635909300;2021-11-03 06:15;319911656;116479264;332845856;96285776;652757512;212765040
1635909360;2021-11-03 06:16;309981368;146526248;337397232;90721072;647378600;237247320
1635909420;2021-11-03 06:17;287887064;158628872;280641616;114079424;568528680;272708296
1635909480;2021-11-03 06:18;297384200;139083368;340153088;120394944;637537288;259478312
1635909540;2021-11-03 06:19;353861976;135117528;298566496;78742048;652428472;213859576
1635909600;2021-11-03 06:20;287813632;102197160;310991344;114954304;598804976;217151464
1635909660;2021-11-03 06:21;362281040;117709040;320984752;124204648;683265792;241913688
1635909720;2021-11-03 06:22;450654136;119292944;353455008;136768944;804109144;256061888
1635909780;2021-11-03 06:23;345749112;116759400;385958408;100263832;731707520;217023232
1635909840;2021-11-03 06:24;277496192;120259584;344963176;77729144;622459368;197988728
1635909900;2021-11-03 06:25;302119632;122328360;382479304;98299968;684598936;220628328
1635909960;2021-11-03 06:26;295947632;111246744;366673728;83597608;662621360;194844352
1635910020;2021-11-03 06:27;296769328;118476784;358565720;75653504;655335048;194130288
1635910080;2021-11-03 06:28;323265488;124243288;368009592;101227888;691275080;225471176
1635910140;2021-11-03 06:29;381034976;115243072;373143968;105068464;754178944;220311536
1635910200;2021-11-03 06:30;387613856;112440144;308133064;87879808;695746920;200319952
1635910260;2021-11-03 06:31;305762736;131289208;348661920;77471056;654424656;208760264
1635910320;2021-11-03 06:32;300333024;150106856;358207264;73846056;658540288;223952912
1635910380;2021-11-03 06:33;305442840;136256800;379910976;72288152;685353816;208544952
1635910440;2021-11-03 06:34;333503776;120047056;352524560;66763864;686028336;186810920
1635910500;2021-11-03 06:35;377252432;131918440;361773464;86136936;739025896;218055376
1635910560;2021-11-03 06:36;453765680;153296664;352941360;105289584;806707040;258586248
1635910620;2021-11-03 06:37;420649056;154359648;319064608;131274120;739713664;285633768
1635910680;2021-11-03 06:38;424688088;131824304;357945528;121077968;782633616;252902272
1635910740;2021-11-03 06:39;379039912;151656184;308558840;87672184;687598752;239328368
1635910800;2021-11-03 06:40;328964920;131837368;288894544;108200376;617859464;240037744
1635910860;2021-11-03 06:41;356861464;121878344;316139744;91376528;673001208;213254872
1635910920;2021-11-03 06:42;326342248;117571448;282184984;78359888;608527232;195931336
1635910980;2021-11-03 06:43;325195712;114340408;300619488;74801072;625815200;189141480
1635911040;2021-11-03 06:44;360050832;119030712;311281608;82217848;671332440;201248560
1635911100;2021-11-03 06:45;347758632;105310416;342290968;90183784;690049600;195494200
1635911160;2021-11-03 06:46;366184800;102152384;323400072;94712936;689584872;196865320
1635911220;2021-11-03 06:47;350624848;104916656;301059104;87650816;651683952;192567472
1635911280;2021-11-03 06:48;423207216;122488040;355725888;114261216;778933104;236749256
1635911340;2021-11-03 06:49;400350656;91705784;343401552;73407272;743752208;165113056
1635911400;2021-11-03 06:50;421155512;82464728;347474008;68044800;768629520;150509528
1635911460;2021-11-03 06:51;363011016;89716184;391980504;80562280;754991520;170278464
1635911520;2021-11-03 06:52;397106232;112249208;406381936;96912704;803488168;209161912
1635911580;2021-11-03 06:53;377887432;95506296;377885192;86603192;755772624;182109488
1635911640;2021-11-03 06:54;373917072;79964392;341653176;110717760;715570248;190682152
1635911700;2021-11-03 06:55;410102576;76037608;405385944;129048240;815488520;205085848
1635911760;2021-11-03 06:56;357305392;81079968;411866888;73441352;769172280;154521320
1635911820;2021-11-03 06:57;386645168;110651816;421354232;90339128;807999400;200990944
1635911880;2021-11-03 06:58;377994640;112446832;453762632;114364408;831757272;226811240
1635911940;2021-11-03 06:59;402453960;121337936;503336640;74245760;905790600;195583696
1635912000;2021-11-03 07:00;398630008;101682864;525086176;75126112;923716184;176808976
1635912060;2021-11-03 07:01;467678304;123140352;539456336;83741512;1007134640;206881864
1635912120;2021-11-03 07:02;418619024;105477040;528778408;75422128;947397432;180899168
1635912180;2021-11-03 07:03;446240176;122285560;496132864;83199984;942373040;205485544
1635912240;2021-11-03 07:04;444882152;135447272;479717168;88207576;924599320;223654848
1635912300;2021-11-03 07:05;429217816;119617960;537826248;74077976;967044064;193695936
1635912360;2021-11-03 07:06;433259360;104695912;468168464;61813704;901427824;166509616
1635912420;2021-11-03 07:07;450962184;103102216;512543584;103512288;963505768;206614504
1635912480;2021-11-03 07:08;462490072;127986568;534461472;122433216;996951544;250419784
1635912540;2021-11-03 07:09;438329464;135156320;490634664;121369608;928964128;256525928
1635912600;2021-11-03 07:10;441070608;179711216;488511944;114050496;929582552;293761712
1635912660;2021-11-03 07:11;410793776;105624928;538961352;84695096;949755128;190320024
1635912720;2021-11-03 07:12;348350544;122137200;493112216;85725304;841462760;207862504
1635912780;2021-11-03 07:13;358120160;127718344;441501888;93290048;799622048;221008392
1635912840;2021-11-03 07:14;347911184;108479728;423725904;95417144;771637088;203896872
1635912900;2021-11-03 07:15;352603048;109044736;412308408;68149656;764911456;177194392
1635912960;2021-11-03 07:16;337909936;100651264;427565488;75903848;765475424;176555112
1635913020;2021-11-03 07:17;354869088;99123216;449721648;69612672;804590736;168735888
1635913080;2021-11-03 07:18;379041432;107074328;442578792;76498184;821620224;183572512
1635913140;2021-11-03 07:19;390121032;118697304;427906288;83575296;818027320;202272600
1635913200;2021-11-03 07:20;386405712;110638968;453281912;69948240;839687624;180587208
1635913260;2021-11-03 07:21;388236472;107277872;427915864;56348488;816152336;163626360
1635913320;2021-11-03 07:22;355247320;122700632;492292656;72352984;847539976;195053616
1635913380;2021-11-03 07:23;363453712;120001776;519727408;70201128;883181120;190202904
1635913440;2021-11-03 07:24;394013000;129964224;459073080;65506280;853086080;195470504
1635913500;2021-11-03 07:25;392625632;155223936;525406904;78059464;918032536;233283400
1635913560;2021-11-03 07:26;345919576;160214432;482524968;69487680;828444544;229702112
1635913620;2021-11-03 07:27;380805240;172758136;487076544;67835392;867881784;240593528
1635913680;2021-11-03 07:28;401060744;179657232;566022128;73424048;967082872;253081280
1635913740;2021-11-03 07:29;395882408;150086776;568087128;71619264;963969536;221706040
1635913800;2021-11-03 07:30;396514096;143386864;523830720;70461448;920344816;213848312
1635913860;2021-11-03 07:31;439582672;142698584;487462176;69798872;927044848;212497456
1635913920;2021-11-03 07:32;412528824;152238128;519724352;76183536;932253176;228421664
1635913980;2021-11-03 07:33;405253944;163596016;576421248;71283056;981675192;234879072
1635914040;2021-11-03 07:34;400954184;189218568;469907800;96354520;870861984;285573088
1635914100;2021-11-03 07:35;392045656;183803448;524091160;85954496;916136816;269757944
1635914160;2021-11-03 07:36;400063920;129366264;525389040;90703528;925452960;220069792
1635914220;2021-11-03 07:37;449916336;138164440;535487632;62540240;985403968;200704680
1635914280;2021-11-03 07:38;422254592;136657632;536620736;105026568;958875328;241684200
1635914340;2021-11-03 07:39;377622120;125896504;493846584;77379600;871468704;203276104
1635914400;2021-11-03 07:40;426521616;135903176;532264816;88878120;958786432;224781296
1635914460;2021-11-03 07:41;434630408;138318168;523318160;79438736;957948568;217756904
1635914520;2021-11-03 07:42;442400560;127238400;571918208;68926816;1014318768;196165216
1635914580;2021-11-03 07:43;403791320;114536296;552805544;67781920;956596864;182318216
1635914640;2021-11-03 07:44;398297048;111222776;550606520;76012136;948903568;187234912
1635914700;2021-11-03 07:45;422700864;125867328;590805072;94939184;1013505936;220806512
1635914760;2021-11-03 07:46;440353040;157175504;615336288;110419232;1055689328;267594736
1635914820;2021-11-03 07:47;429133912;167813480;619860088;156485368;1048994000;324298848
1635914880;2021-11-03 07:48;420381192;177065944;611665464;142125944;1032046656;319191888
1635914940;2021-11-03 07:49;471168384;169500520;599270304;130432672;1070438688;299933192
1635915000;2021-11-03 07:50;446303176;200033272;565780704;90315280;1012083880;290348552
1635915060;2021-11-03 07:51;435653512;196246312;544485400;95778856;980138912;292025168
1635915120;2021-11-03 07:52;497576040;130361424;586090736;86912176;1083666776;217273600
1635915180;2021-11-03 07:53;452844424;128270928;524220944;99571552;977065368;227842480
1635915240;2021-11-03 07:54;442433352;187384816;519741232;93336360;962174584;280721176
1635915300;2021-11-03 07:55;494078208;144704896;568153328;89405256;1062231536;234110152
1635915360;2021-11-03 07:56;448813256;131683448;561805960;95088656;1010619216;226772104
1635915420;2021-11-03 07:57;444389288;153399352;581442152;78359592;1025831440;231758944
1635915480;2021-11-03 07:58;498632760;169190232;627096112;141781464;1125728872;310971696
1635915540;2021-11-03 07:59;428918216;155107192;600024936;124241184;1028943152;279348376
1635915600;2021-11-03 08:00;452613568;168269968;594820160;122653904;1047433728;290923872
1635915660;2021-11-03 08:01;440487320;143185560;612176640;112469320;1052663960;255654880
1635915720;2021-11-03 08:02;454822112;161230016;610472144;76534800;1065294256;237764816
1635915780;2021-11-03 08:03;475384992;118005368;597356608;82761184;1072741600;200766552
1635915840;2021-11-03 08:04;534063416;108868376;641028808;69339472;1175092224;178207848
1635915900;2021-11-03 08:05;526162264;123401648;588866808;109696456;1115029072;233098104
1635915960;2021-11-03 08:06;545598744;113807104;607215952;98683904;1152814696;212491008
1635916020;2021-11-03 08:07;592594352;114884584;674073592;96095920;1266667944;210980504
1635916080;2021-11-03 08:08;612173576;110452368;604351288;73704280;1216524864;184156648
1635916140;2021-11-03 08:09;590153512;135138992;681478224;109643024;1271631736;244782016
1635916200;2021-11-03 08:10;556848592;154113976;559711528;108221344;1116560120;262335320
1635916260;2021-11-03 08:11;534910840;121364936;635701032;103282832;1170611872;224647768
1635916320;2021-11-03 08:12;570011104;148003184;658215096;73439696;1228226200;221442880
1635916380;2021-11-03 08:13;545524128;147221944;649175752;72581528;1194699880;219803472
1635916440;2021-11-03 08:14;583698008;169309104;649831312;96379392;1233529320;265688496
1635916500;2021-11-03 08:15;515088176;154628488;617100544;90629408;1132188720;245257896
1635916560;2021-11-03 08:16;507481800;154607496;650630200;112292456;1158112000;266899952
1635916620;2021-11-03 08:17;574505448;148409200;637665240;109776928;1212170688;258186128
1635916680;2021-11-03 08:18;607871816;120298728;638024760;102220944;1245896576;222519672
1635916740;2021-11-03 08:19;551201880;119829528;662523192;132676368;1213725072;252505896
1635916800;2021-11-03 08:20;549011656;104368928;612997440;98231568;1162009096;202600496
1635916860;2021-11-03 08:21;556466304;107546480;739113024;99544848;1295579328;207091328
1635916920;2021-11-03 08:22;495640512;115918800;693724464;89245696;1189364976;205164496
1635916980;2021-11-03 08:23;507762352;112483280;713621768;78771120;1221384120;191254400
1635917040;2021-11-03 08:24;518384712;103322608;732386664;89164144;1250771376;192486752
1635917100;2021-11-03 08:25;511842616;100941040;697953800;76299120;1209796416;177240160
1635917160;2021-11-03 08:26;536525960;111463536;617822280;76954168;1154348240;188417704
1635917220;2021-11-03 08:27;532776024;113631512;640682816;94248248;1173458840;207879760
1635917280;2021-11-03 08:28;464421488;126273240;607092080;114616056;1071513568;240889296
1635917340;2021-11-03 08:29;561308400;134097456;627632368;103581192;1188940768;237678648
1635917400;2021-11-03 08:30;440284456;111929064;640281352;110466976;1080565808;222396040
1635917460;2021-11-03 08:31;463349184;127179920;593480848;93615232;1056830032;220795152
1635917520;2021-11-03 08:32;497278688;138952448;729006488;110740960;1226285176;249693408
1635917580;2021-11-03 08:33;573724024;131537320;676410160;120654440;1250134184;252191760
1635917640;2021-11-03 08:34;514948728;135519888;645387160;138621328;1160335888;274141216
1635917700;2021-11-03 08:35;571428424;147149768;761348448;99443376;1332776872;246593144
1635917760;2021-11-03 08:36;545203728;146105056;646874624;126729320;1192078352;272834376
1635917820;2021-11-03 08:37;538258544;151115080;673013080;94499920;1211271624;245615000
1635917880;2021-11-03 08:38;487833232;107612360;708068984;116659384;1195902216;224271744
1635917940;2021-11-03 08:39;481039376;153880760;719615208;115342456;1200654584;269223216
1635918000;2021-11-03 08:40;545512424;157516120;706585696;144992432;1252098120;302508552
1635918060;2021-11-03 08:41;518071264;140081136;678866352;143936072;1196937616;284017208
1635918120;2021-11-03 08:42;514757952;139854552;739014688;123092128;1253772640;262946680
1635918180;2021-11-03 08:43;540384592;136148360;710261680;98713080;1250646272;234861440
1635918240;2021-11-03 08:44;516078920;147053192;675726192;96261816;1191805112;243315008
1635918300;2021-11-03 08:45;563177744;145043536;753533624;131792216;1316711368;276835752
1635918360;2021-11-03 08:46;547043528;134822160;725646760;121722208;1272690288;256544368
1635918420;2021-11-03 08:47;567150456;160161240;749584056;110252848;1316734512;270414088
1635918480;2021-11-03 08:48;596443696;156865896;787381792;129400856;1383825488;286266752
1635918540;2021-11-03 08:49;519900216;144786584;749942064;151874984;1269842280;296661568
1635918600;2021-11-03 08:50;537158384;145645160;752073744;175397616;1289232128;321042776
1635918660;2021-11-03 08:51;554902416;141367584;751590272;163392360;1306492688;304759944
1635918720;2021-11-03 08:52;527503184;141835408;754420648;162873064;1281923832;304708472
1635918780;2021-11-03 08:53;498749800;145886144;823842120;128655824;1322591920;274541968
1635918840;2021-11-03 08:54;510122928;143781416;776841792;89363936;1286964720;233145352
1635918900;2021-11-03 08:55;544041600;126915152;761801184;102708824;1305842784;229623976
1635918960;2021-11-03 08:56;506794992;139064784;731550264;95277520;1238345256;234342304
1635919020;2021-11-03 08:57;627474368;152674848;778908128;91807568;1406382496;244482416
1635919080;2021-11-03 08:58;646067712;153472832;778315288;73158696;1424383000;226631528
1635919140;2021-11-03 08:59;596795584;151683952;697741720;90065872;1294537304;241749824
1635919200;2021-11-03 09:00;573923960;153479040;725452520;87689344;1299376480;241168384
1635919260;2021-11-03 09:01;579109952;140126320;735188632;91893760;1314298584;232020080
1635919320;2021-11-03 09:02;618122152;143302448;811606256;107292464;1429728408;250594912
1635919380;2021-11-03 09:03;613425808;144370856;709942304;127709304;1323368112;272080160
1635919440;2021-11-03 09:04;598720024;163943904;700916344;110755760;1299636368;274699664
1635919500;2021-11-03 09:05;569289832;203032592;857278016;111402008;1426567848;314434600
1635919560;2021-11-03 09:06;547392272;185832216;722879456;126216584;1270271728;312048800
1635919620;2021-11-03 09:07;578402600;192020656;768649024;127139792;1347051624;319160448
1635919680;2021-11-03 09:08;588685328;156600768;708497768;164269072;1297183096;320869840
1635919740;2021-11-03 09:09;587035960;119985920;656069920;118852448;1243105880;238838368
1635919800;2021-11-03 09:10;621276248;124538440;739164200;119220776;1360440448;243759216
1635919860;2021-11-03 09:11;575102888;146443416;739250872;141544112;1314353760;287987528
1635919920;2021-11-03 09:12;540957952;128127928;722252184;110819752;1263210136;238947680
1635919980;2021-11-03 09:13;582978224;126084840;709842432;81774392;1292820656;207859232
1635920040;2021-11-03 09:14;555049264;130595616;699173176;78109208;1254222440;208704824
1635920100;2021-11-03 09:15;602817312;172188344;741874200;93111624;1344691512;265299968
1635920160;2021-11-03 09:16;570806976;158176968;733855416;124020768;1304662392;282197736
1635920220;2021-11-03 09:17;542326072;130408752;785219416;109222104;1327545488;239630856
1635920280;2021-11-03 09:18;646315808;139766472;750914288;133030488;1397230096;272796960
1635920340;2021-11-03 09:19;557790472;134002664;754226632;98456904;1312017104;232459568
1635920400;2021-11-03 09:20;629725992;119873624;698673608;101203384;1328399600;221077008
1635920460;2021-11-03 09:21;717959920;139635816;805661344;136318184;1523621264;275954000
1635920520;2021-11-03 09:22;736248640;152406568;772317688;100376480;1508566328;252783048
1635920580;2021-11-03 09:23;601354592;129990952;761248928;113542824;1362603520;243533776
1635920640;2021-11-03 09:24;598647904;134902424;734971528;137421720;1333619432;272324144
1635920700;2021-11-03 09:25;660459344;155154592;781635136;129208800;1442094480;284363392
1635920760;2021-11-03 09:26;734822272;163965792;847934224;115607904;1582756496;279573696
1635920820;2021-11-03 09:27;714515192;140393216;876706016;140156408;1591221208;280549624
1635920880;2021-11-03 09:28;754462784;123498856;805792032;137978792;1560254816;261477648
1635920940;2021-11-03 09:29;719778792;123847648;803584136;169103616;1523362928;292951264
1635921000;2021-11-03 09:30;823265352;126538896;941586056;144787464;1764851408;271326360
1635921060;2021-11-03 09:31;818161680;120737176;880277344;141045384;1698439024;261782560
1635921120;2021-11-03 09:32;861528440;120152720;865066264;171267624;1726594704;291420344
1635921180;2021-11-03 09:33;728590256;128924672;852647528;158176256;1581237784;287100928
1635921240;2021-11-03 09:34;720564048;142914816;851190400;135565448;1571754448;278480264
1635921300;2021-11-03 09:35;811979912;121441416;915659784;143351448;1727639696;264792864
1635921360;2021-11-03 09:36;796630968;133770648;946252704;137903848;1742883672;271674496
1635921420;2021-11-03 09:37;700965056;134704400;926657104;173989096;1627622160;308693496
1635921480;2021-11-03 09:38;772228568;154078144;999781600;196791448;1772010168;350869592
1635921540;2021-11-03 09:39;725263648;149034312;945570592;133835200;1670834240;282869512
1635921600;2021-11-03 09:40;744557880;140401432;999797976;126845336;1744355856;267246768
1635921660;2021-11-03 09:41;748739144;159139624;999887664;131322592;1748626808;290462216
1635921720;2021-11-03 09:42;730644672;164881872;1021111080;124742784;1751755752;289624656
1635921780;2021-11-03 09:43;765080000;167769552;945568808;129981688;1710648808;297751240
1635921840;2021-11-03 09:44;850413864;152914080;954755592;127078920;1805169456;279993000
1635921900;2021-11-03 09:45;947217280;162040080;974175368;153693568;1921392648;315733648
1635921960;2021-11-03 09:46;949194928;163840184;990856408;153660848;1940051336;317501032
1635922020;2021-11-03 09:47;947279856;182435200;1020877008;135715000;1968156864;318150200
1635922080;2021-11-03 09:48;964284232;195099152;951166024;151919464;1915450256;347018616
1635922140;2021-11-03 09:49;941970272;185082472;857891760;148343992;1799862032;333426464
1635922200;2021-11-03 09:50;959231384;185254016;1009285536;163496800;1968516920;348750816
1635922260;2021-11-03 09:51;933333504;176973768;889609624;153658520;1822943128;330632288
1635922320;2021-11-03 09:52;933126480;189059912;966135928;162695792;1899262408;351755704
1635922380;2021-11-03 09:53;854519360;166914816;905634984;147785808;1760154344;314700624
1635922440;2021-11-03 09:54;851950312;157330432;915855272;161730176;1767805584;319060608
1635922500;2021-11-03 09:55;1171428864;147089104;987781512;134947624;2159210376;282036728
1635922560;2021-11-03 09:56;1105108736;154991424;959336560;127191856;2064445296;282183280
1635922620;2021-11-03 09:57;1002447456;180022896;916942872;146325576;1919390328;326348472
1635922680;2021-11-03 09:58;908385504;158117432;883666344;187335792;1792051848;345453224
1635922740;2021-11-03 09:59;860888920;183177024;1001200800;182087864;1862089720;365264888
1635922800;2021-11-03 10:00;787647080;179661128;1171657928;168225200;1959305008;347886328
1635922860;2021-11-03 10:01;792486440;145115976;927683240;173265000;1720169680;318380976
1635922920;2021-11-03 10:02;920266056;153471928;904091808;153170080;1824357864;306642008
1635922980;2021-11-03 10:03;908374808;146748808;798403168;160804384;1706777976;307553192
1635923040;2021-11-03 10:04;929006088;173832552;913208864;153791480;1842214952;327624032
1635923100;2021-11-03 10:05;898195432;155712472;890119704;159774432;1788315136;315486904
1635923160;2021-11-03 10:06;942576568;153409040;907568664;179294120;1850145232;332703160
1635923220;2021-11-03 10:07;915364600;136851872;986748616;160768456;1902113216;297620328
1635923280;2021-11-03 10:08;864003360;164456000;886314720;138164384;1750318080;302620384
1635923340;2021-11-03 10:09;860068288;164964816;1040893456;134752544;1900961744;299717360
1635923400;2021-11-03 10:10;823748800;163148752;997157072;125974400;1820905872;289123152
1635923460;2021-11-03 10:11;745616728;169094320;991495976;136399864;1737112704;305494184
1635923520;2021-11-03 10:12;810325216;158497184;978079872;155283928;1788405088;313781112
1635923580;2021-11-03 10:13;839441128;127631568;917777760;143421784;1757218888;271053352
1635923640;2021-11-03 10:14;834910696;128766776;856347296;123489048;1691257992;252255824
1635923700;2021-11-03 10:15;887215680;143777320;974095456;143205776;1861311136;286983096
1635923760;2021-11-03 10:16;791758064;162839240;958520024;136732920;1750278088;299572160
1635923820;2021-11-03 10:17;792061632;179146064;997492664;166619616;1789554296;345765680
1635923880;2021-11-03 10:18;870671072;178075040;960675136;154034880;1831346208;332109920
1635923940;2021-11-03 10:19;844240576;191029496;835976624;143726344;1680217200;334755840
1635924000;2021-11-03 10:20;902145128;173392248;933648336;133121936;1835793464;306514184
1635924060;2021-11-03 10:21;930015872;154915968;862770080;160006288;1792785952;314922256
1635924120;2021-11-03 10:22;950004656;157476928;889010592;169304080;1839015248;326781008
1635924180;2021-11-03 10:23;1012011392;164132992;923785120;153662752;1935796512;317795744
1635924240;2021-11-03 10:24;868660160;146716528;901704736;139335888;1770364896;286052416
1635924300;2021-11-03 10:25;899105384;173968904;1076538080;163096096;1975643464;337065000
1635924360;2021-11-03 10:26;975283008;200954840;945608184;130938448;1920891192;331893288
1635924420;2021-11-03 10:27;866568896;179253336;970237856;138815320;1836806752;318068656
1635924480;2021-11-03 10:28;935813064;165228864;933243104;155977040;1869056168;321205904
1635924540;2021-11-03 10:29;954921664;164339456;995635176;159133776;1950556840;323473232
1635924600;2021-11-03 10:30;993502680;168082008;898503072;155936184;1892005752;324018192
1635924660;2021-11-03 10:31;977966704;176337864;941678360;148772824;1919645064;325110688
1635924720;2021-11-03 10:32;872285920;181173320;963184664;184446536;1835470584;365619856
1635924780;2021-11-03 10:33;878456928;139525640;996719352;178566152;1875176280;318091792
1635924840;2021-11-03 10:34;884207448;162253424;870772256;189679416;1754979704;351932840
1635924900;2021-11-03 10:35;894946552;172248920;973988280;206782240;1868934832;379031160
1635924960;2021-11-03 10:36;865518360;146910416;849214936;195739968;1714733296;342650384
1635925020;2021-11-03 10:37;866541000;162469808;793732480;177523640;1660273480;339993448
1635925080;2021-11-03 10:38;900962304;128470312;870997512;164420912;1771959816;292891224
1635925140;2021-11-03 10:39;941904608;151570576;915859832;158687736;1857764440;310258312
1635925200;2021-11-03 10:40;1026269808;180037808;923519208;162989448;1949789016;343027256
1635925260;2021-11-03 10:41;963300840;170110624;1023626936;165556296;1986927776;335666920
1635925320;2021-11-03 10:42;912375080;162248096;963417128;163230168;1875792208;325478264
1635925380;2021-11-03 10:43;936268704;150798048;971136240;174675792;1907404944;325473840
1635925440;2021-11-03 10:44;1000008200;157105024;930151208;168584704;1930159408;325689728
1635925500;2021-11-03 10:45;1101376744;149309136;940093304;191598272;2041470048;340907408
1635925560;2021-11-03 10:46;1145275488;149423368;945538744;180996448;2090814232;330419816
1635925620;2021-11-03 10:47;1091218592;179239512;838656816;155733488;1929875408;334973000
1635925680;2021-11-03 10:48;1027445096;161241304;895740592;190072464;1923185688;351313768
1635925740;2021-11-03 10:49;890584304;163991216;881582176;183072680;1772166480;347063896
1635925800;2021-11-03 10:50;1002230080;142275176;1061112280;183996760;2063342360;326271936
1635925860;2021-11-03 10:51;884481976;149392048;1065407376;207474512;1949889352;356866560
1635925920;2021-11-03 10:52;892983832;166730480;989141576;208157880;1882125408;374888360
1635925980;2021-11-03 10:53;928808808;154708800;1011813232;220355792;1940622040;375064592
1635926040;2021-11-03 10:54;942776432;142707384;936003768;195977272;1878780200;338684656
1635926100;2021-11-03 10:55;940201920;171242600;962661384;183686056;1902863304;354928656
1635926160;2021-11-03 10:56;958751192;165165312;942617296;196058040;1901368488;361223352
1635926220;2021-11-03 10:57;988883760;161710232;1014295144;177983128;2003178904;339693360
1635926280;2021-11-03 10:58;1035416608;147247672;1008358184;207849144;2043774792;355096816
1635926340;2021-11-03 10:59;985602664;170321176;903446104;190487352;1889048768;360808528
1635926400;2021-11-03 11:00;992778624;165153688;925647816;179859056;1918426440;345012744
1635926460;2021-11-03 11:01;1062245128;172496896;935122536;182757192;1997367664;355254088
1635926520;2021-11-03 11:02;1041986368;169223968;957867544;193948840;1999853912;363172808
1635926580;2021-11-03 11:03;971440952;159701992;999613944;179166248;1971054896;338868240
1635926640;2021-11-03 11:04;971272632;173048440;980566008;181711488;1951838640;354759928
1635926700;2021-11-03 11:05;933911176;194156200;1070043816;199802632;2003954992;393958832
1635926760;2021-11-03 11:06;919617024;154386176;890631440;196085136;1810248464;350471312
1635926820;2021-11-03 11:07;993541096;150666488;959460352;182978360;1953001448;333644848
1635926880;2021-11-03 11:08;1001683384;173696176;1036567288;158179688;2038250672;331875864
1635926940;2021-11-03 11:09;999346160;169281664;956115528;162570592;1955461688;331852256
1635927000;2021-11-03 11:10;1085752824;161148064;1020315248;164143448;2106068072;325291512
1635927060;2021-11-03 11:11;1018886888;167854440;1018939800;148132368;2037826688;315986808
1635927120;2021-11-03 11:12;981541176;201847864;1063648056;190674888;2045189232;392522752
1635927180;2021-11-03 11:13;1034472784;180060200;911028376;172867112;1945501160;352927312
1635927240;2021-11-03 11:14;947267352;182709400;942632096;193397392;1889899448;376106792
1635927300;2021-11-03 11:15;1010649840;184428968;994972600;179029224;2005622440;363458192
1635927360;2021-11-03 11:16;1050934208;231505008;993140896;201116112;2044075104;432621120
1635927420;2021-11-03 11:17;994765384;227862224;837375200;181567992;1832140584;409430216
1635927480;2021-11-03 11:18;923099096;190998896;875791992;168040488;1798891088;359039384
1635927540;2021-11-03 11:19;961723216;143464768;990214840;134480296;1951938056;277945064
1635927600;2021-11-03 11:20;893765072;179286056;986370416;140925448;1880135488;320211504
1635927660;2021-11-03 11:21;897453912;204685544;991835792;137319448;1889289704;342004992
1635927720;2021-11-03 11:22;975119416;222414592;940514904;145727800;1915634320;368142392
1635927780;2021-11-03 11:23;922337776;181563712;922234440;165248672;1844572216;346812384
1635927840;2021-11-03 11:24;883985904;200853688;968661024;178428296;1852646928;379281984
1635927900;2021-11-03 11:25;852188480;221258312;1011079712;198281168;1863268192;419539480
1635927960;2021-11-03 11:26;889252160;207243344;1081462960;224219728;1970715120;431463072
1635928020;2021-11-03 11:27;878095864;209306568;948640008;211486152;1826735872;420792720
1635928080;2021-11-03 11:28;881494048;215232736;942913256;219523224;1824407304;434755960
1635928140;2021-11-03 11:29;836551560;264475520;933491680;171681416;1770043240;436156936
1635928200;2021-11-03 11:30;883838616;230216856;1089588000;170940280;1973426616;401157136
1635928260;2021-11-03 11:31;869431600;244811128;932815072;186349096;1802246672;431160224
1635928320;2021-11-03 11:32;890174528;243632056;956868816;204730888;1847043344;448362944
1635928380;2021-11-03 11:33;946711880;219467400;957490528;236721528;1904202408;456188928
1635928440;2021-11-03 11:34;920187040;214956800;908571072;218842624;1828758112;433799424
1635928500;2021-11-03 11:35;952083680;187431584;932353208;200033312;1884436888;387464896
1635928560;2021-11-03 11:36;973370928;163479344;951251024;186697336;1924621952;350176680
1635928620;2021-11-03 11:37;1009768200;168861560;967311272;214037392;1977079472;382898952
1635928680;2021-11-03 11:38;966093688;180173344;947978656;210397904;1914072344;390571248
1635928740;2021-11-03 11:39;945310056;192780936;977798616;199332976;1923108672;392113912
1635928800;2021-11-03 11:40;910776376;207325856;942585000;216193288;1853361376;423519144
1635928860;2021-11-03 11:41;931070640;179082040;985225840;197665952;1916296480;376747992
1635928920;2021-11-03 11:42;866225472;166391336;1022993712;249985744;1889219184;416377080
1635928980;2021-11-03 11:43;859828480;188536240;1002080344;226762112;1861908824;415298352
1635929040;2021-11-03 11:44;958040936;161272104;1097439264;242592912;2055480200;403865016
1635929100;2021-11-03 11:45;931561800;158454600;1093357080;234148464;2024918880;392603064
1635929160;2021-11-03 11:46;933995144;188890304;1021971680;248983424;1955966824;437873728
1635929220;2021-11-03 11:47;886968608;172764584;977238304;209162536;1864206912;381927120
1635929280;2021-11-03 11:48;871389096;184862592;967891440;197252624;1839280536;382115216
1635929340;2021-11-03 11:49;916504128;178002848;1044970056;235512504;1961474184;413515352
1635929400;2021-11-03 11:50;932872544;189827336;949751888;215406448;1882624432;405233784
1635929460;2021-11-03 11:51;952247712;189012616;955598192;186587960;1907845904;375600576
1635929520;2021-11-03 11:52;867474376;156253544;897017936;215051096;1764492312;371304640
1635929580;2021-11-03 11:53;885671968;163456304;913669160;209643296;1799341128;373099600
1635929640;2021-11-03 11:54;981447352;169734168;884619664;203396552;1866067016;373130720
1635929700;2021-11-03 11:55;979144536;186744576;909218184;212229928;1888362720;398974504
1635929760;2021-11-03 11:56;989310000;181242992;885943784;226487288;1875253784;407730280
1635929820;2021-11-03 11:57;892293728;180183280;912804720;222950432;1805098448;403133712
1635929880;2021-11-03 11:58;920958112;164341888;933417360;225423184;1854375472;389765072
1635929940;2021-11-03 11:59;788620320;162724120;813567520;234419704;1602187840;397143824
1635930000;2021-11-03 12:00;921483128;175510200;943359672;257056400;1864842800;432566600
1635930060;2021-11-03 12:01;883790408;212080712;863314704;212117984;1747105112;424198696
1635930120;2021-11-03 12:02;904181640;240552152;960024416;230491232;1864206056;471043384
1635930180;2021-11-03 12:03;925857368;200167904;1031709200;231885224;1957566568;432053128
1635930240;2021-11-03 12:04;1014652264;201228944;955983656;230407064;1970635920;431636008
1635930300;2021-11-03 12:05;923142720;187181960;1000099336;245854720;1923242056;433036680
1635930360;2021-11-03 12:06;857351320;190033392;899435976;254088128;1756787296;444121520
1635930420;2021-11-03 12:07;868834832;181066624;977147200;270840832;1845982032;451907456
1635930480;2021-11-03 12:08;909957568;162374824;1001942856;279044912;1911900424;441419736
1635930540;2021-11-03 12:09;938001088;174875568;938460032;266700808;1876461120;441576376
1635930600;2021-11-03 12:10;955328944;225566728;971709520;260319816;1927038464;485886544
1635930660;2021-11-03 12:11;967425336;261806568;893543336;263488368;1860968672;525294936
1635930720;2021-11-03 12:12;923812776;270796544;921752736;258318488;1845565512;529115032
1635930780;2021-11-03 12:13;955803152;285223456;924366504;249054552;1880169656;534278008
1635930840;2021-11-03 12:14;829772096;298670584;884141632;240767272;1713913728;539437856
1635930900;2021-11-03 12:15;1025487616;282865768;972132992;237579560;1997620608;520445328
1635930960;2021-11-03 12:16;905451296;285387832;842120944;251920264;1747572240;537308096
1635931020;2021-11-03 12:17;893093984;262087752;984343856;236793016;1877437840;498880768
1635931080;2021-11-03 12:18;910898792;265544392;942990936;236911856;1853889728;502456248
1635931140;2021-11-03 12:19;943493888;257882256;957696896;258170816;1901190784;516053072
1635931200;2021-11-03 12:20;983418816;255231752;982558336;222535024;1965977152;477766776
1635931260;2021-11-03 12:21;990954000;246542136;1021947744;215011480;2012901744;461553616
1635931320;2021-11-03 12:22;972653448;225922136;979009728;249193376;1951663176;475115512
1635931380;2021-11-03 12:23;1001841608;230628456;1003582440;240269216;2005424048;470897672
1635931440;2021-11-03 12:24;1040670448;215060208;940033728;229267600;1980704176;444327808
1635931500;2021-11-03 12:25;999550544;247776720;1035394416;273137560;2034944960;520914280
1635931560;2021-11-03 12:26;989426240;223420000;1116579328;264007016;2106005568;487427016
1635931620;2021-11-03 12:27;981786536;205472072;1067263352;258701936;2049049888;464174008
1635931680;2021-11-03 12:28;1015337424;234656176;1108253912;265626544;2123591336;500282720
1635931740;2021-11-03 12:29;941305304;230265464;1157609752;240789648;2098915056;471055112
1635931800;2021-11-03 12:30;971277928;239926392;1077140496;241644032;2048418424;481570424
1635931860;2021-11-03 12:31;965565128;249236760;1029156168;248335352;1994721296;497572112
1635931920;2021-11-03 12:32;975895040;239284568;1157501696;245344096;2133396736;484628664
1635931980;2021-11-03 12:33;982404936;240317544;1026253848;243631632;2008658784;483949176
1635932040;2021-11-03 12:34;1093543008;206788680;1032959208;243339648;2126502216;450128328
1635932100;2021-11-03 12:35;960680688;226383384;992810472;225639032;1953491160;452022416
1635932160;2021-11-03 12:36;976006504;206911032;1036215168;211233912;2012221672;418144944
1635932220;2021-11-03 12:37;1003622888;214261576;1046747904;205368272;2050370792;419629848
1635932280;2021-11-03 12:38;1012782384;199558144;1007130448;207830472;2019912832;407388616
1635932340;2021-11-03 12:39;989581928;209501128;1046961312;219495096;2036543240;428996224
1635932400;2021-11-03 12:40;1097966448;187337736;1012780696;217412936;2110747144;404750672
1635932460;2021-11-03 12:41;973695120;178813192;1094067816;229511280;2067762936;408324472
1635932520;2021-11-03 12:42;990964616;192625192;999301144;205694856;1990265760;398320048
1635932580;2021-11-03 12:43;1074938360;206916448;1023254152;229362512;2098192512;436278960
1635932640;2021-11-03 12:44;991994400;188872736;1050386872;249719016;2042381272;438591752
1635932700;2021-11-03 12:45;1050181440;200039048;1082188808;257185120;2132370248;457224168
1635932760;2021-11-03 12:46;1043316224;195961592;1010057464;267189080;2053373688;463150672
1635932820;2021-11-03 12:47;1097336344;225646832;961657960;254726928;2058994304;480373760
1635932880;2021-11-03 12:48;1027063096;227832768;893839128;233409848;1920902224;461242616
1635932940;2021-11-03 12:49;1189557616;219863320;947466760;225906248;2137024376;445769568
1635933000;2021-11-03 12:50;1097141448;212190520;991221424;242172032;2088362872;454362552
1635933060;2021-11-03 12:51;1040030288;226039472;1003393784;253048688;2043424072;479088160
1635933120;2021-11-03 12:52;1038254640;246212664;1017778072;252632792;2056032712;498845456
1635933180;2021-11-03 12:53;1116274400;250681856;1039235704;254772528;2155510104;505454384
1635933240;2021-11-03 12:54;1078130656;231529976;1099056280;273121304;2177186936;504651280
1635933300;2021-11-03 12:55;984574336;244710128;1084576432;290078872;2069150768;534789000
1635933360;2021-11-03 12:56;1031554496;242860160;1110906648;253881248;2142461144;496741408
1635933420;2021-11-03 12:57;1017093368;237836784;990922072;259004664;2008015440;496841448
1635933480;2021-11-03 12:58;972321128;244242192;973804168;279619776;1946125296;523861968
1635933540;2021-11-03 12:59;903478320;264884944;1010412328;288224352;1913890648;553109296
1635933600;2021-11-03 13:00;1049466064;291674128;1058696432;278210824;2108162496;569884952
1635933660;2021-11-03 13:01;983166560;257349216;1078155784;246436280;2061322344;503785496
1635933720;2021-11-03 13:02;1070723392;281767152;1059918864;219711840;2130642256;501478992
1635933780;2021-11-03 13:03;1032718608;266943160;1063703608;224981840;2096422216;491925000
1635933840;2021-11-03 13:04;1059128496;296661880;1089648216;215364328;2148776712;512026208
1635933900;2021-11-03 13:05;1099912960;277899424;1174648720;216967432;2274561680;494866856
1635933960;2021-11-03 13:06;1050975832;254459200;1063656520;240864192;2114632352;495323392
1635934020;2021-11-03 13:07;1048249384;283065920;1026130088;247514952;2074379472;530580872
1635934080;2021-11-03 13:08;1023959168;286507904;1066705912;220348688;2090665080;506856592
1635934140;2021-11-03 13:09;1009104856;255586752;977027552;220097064;1986132408;475683816
1635934200;2021-11-03 13:10;962482352;249303368;1160740456;219760368;2123222808;469063736
1635934260;2021-11-03 13:11;1000040520;230031136;984819256;247376232;1984859776;477407368
1635934320;2021-11-03 13:12;1054858032;216261640;1031066272;229009496;2085924304;445271136
1635934380;2021-11-03 13:13;988353368;220133336;1019326824;201762496;2007680192;421895832
1635934440;2021-11-03 13:14;907124472;216405568;1074927712;185316472;1982052184;401722040
1635934500;2021-11-03 13:15;974350168;228951480;1009973008;214839136;1984323176;443790616
1635934560;2021-11-03 13:16;1103323616;226329088;1133993624;220599360;2237317240;446928448
1635934620;2021-11-03 13:17;1073703184;224793344;1055560536;212226768;2129263720;437020112
1635934680;2021-11-03 13:18;991431680;205525584;981383824;205457584;1972815504;410983168
1635934740;2021-11-03 13:19;970825576;153415728;970219960;220044352;1941045536;373460080
1635934800;2021-11-03 13:20;1098376496;197487880;1070442680;213070720;2168819176;410558600
1635934860;2021-11-03 13:21;1076651528;184137440;991836936;201325280;2068488464;385462720
1635934920;2021-11-03 13:22;1128848240;166286528;1049331824;188548256;2178180064;354834784
1635934980;2021-11-03 13:23;1161968536;208756176;1055777136;206581600;2217745672;415337776
1635935040;2021-11-03 13:24;1095787144;184302120;1005691536;178583648;2101478680;362885768
1635935100;2021-11-03 13:25;1182930400;207359816;1147599048;183849896;2330529448;391209712
1635935160;2021-11-03 13:26;1073422064;223174904;1016106768;176506120;2089528832;399681024
1635935220;2021-11-03 13:27;1123357792;207545864;1048846192;190814480;2172203984;398360344
1635935280;2021-11-03 13:28;1041654328;215336016;1043145704;179826472;2084800032;395162488
1635935340;2021-11-03 13:29;962840288;200719264;980165816;179357672;1943006104;380076936
1635935400;2021-11-03 13:30;1025295568;222370720;1027654904;187195568;2052950472;409566288
1635935460;2021-11-03 13:31;1091116304;246018520;1010648392;202198192;2101764696;448216712
1635935520;2021-11-03 13:32;1074614112;225822264;1038449360;213874496;2113063472;439696760
1635935580;2021-11-03 13:33;1122024648;202888000;988581184;200446520;2110605832;403334520
1635935640;2021-11-03 13:34;1071092824;215280152;1083831576;168563000;2154924400;383843152
1635935700;2021-11-03 13:35;1157910536;190671872;1054822256;180630072;2212732792;371301944
1635935760;2021-11-03 13:36;1169421680;227317600;1091418424;173227200;2260840104;400544800
1635935820;2021-11-03 13:37;1116098672;222985848;1182264552;197468512;2298363224;420454360
1635935880;2021-11-03 13:38;1184377192;211408472;1204170120;193772024;2388547312;405180496
1635935940;2021-11-03 13:39;1127910208;220183000;1177517584;159543464;2305427792;379726464
1635936000;2021-11-03 13:40;1311402816;230063624;1277690232;200979592;2589093048;431043216
1635936060;2021-11-03 13:41;1210216440;222458784;1164566512;192831912;2374782952;415290696
1635936120;2021-11-03 13:42;1156107816;217199784;1189497056;219542008;2345604872;436741792
1635936180;2021-11-03 13:43;1091239520;213182048;1118676064;210834864;2209915584;424016912
1635936240;2021-11-03 13:44;1099171936;203344864;1075602888;192609664;2174774824;395954528
1635936300;2021-11-03 13:45;1137256560;196143376;1193870528;192319632;2331127088;388463008
1635936360;2021-11-03 13:46;1089382824;192975384;1116211048;184239936;2205593872;377215320
1635936420;2021-11-03 13:47;1122471696;184818784;1185054416;191225536;2307526112;376044320
1635936480;2021-11-03 13:48;1078330544;198425544;1102041696;200309712;2180372240;398735256
1635936540;2021-11-03 13:49;1049987320;220831688;1154655872;215803656;2204643192;436635344
1635936600;2021-11-03 13:50;1022421024;245614760;1240771952;230121472;2263192976;475736232
1635936660;2021-11-03 13:51;1105938472;285130880;1174227744;198086688;2280166216;483217568
1635936720;2021-11-03 13:52;1185471864;207837184;1198174040;209665528;2383645904;417502712
1635936780;2021-11-03 13:53;1239265688;204816928;1281964952;237917200;2521230640;442734128
1635936840;2021-11-03 13:54;1196795384;182933888;1269669096;215666568;2466464480;398600456
1635936900;2021-11-03 13:55;1204725216;204394280;1179554408;231938520;2384279624;436332800
1635936960;2021-11-03 13:56;1166860160;194697872;1036357128;222769048;2203217288;417466920
1635937020;2021-11-03 13:57;1080892968;194990080;1124663800;212273920;2205556768;407264000
1635937080;2021-11-03 13:58;1035496192;175216008;1209241664;200214232;2244737856;375430240
1635937140;2021-11-03 13:59;1074897824;167537496;1185586120;201799888;2260483944;369337384
1635937200;2021-11-03 14:00;1036968768;193484840;1044235432;211229120;2081204200;404713960
1635937260;2021-11-03 14:01;1110785680;293433200;1074854760;203861296;2185640440;497294496
1635937320;2021-11-03 14:02;1073658176;251698904;1025391272;205782096;2099049448;457481000
1635937380;2021-11-03 14:03;1023131488;228186320;1054968736;230418224;2078100224;458604544
1635937440;2021-11-03 14:04;1050831728;244908008;1071916696;193963536;2122748424;438871544
1635937500;2021-11-03 14:05;947632232;233811320;1018687992;191057160;1966320224;424868480
1635937560;2021-11-03 14:06;1026859456;227957640;1006434024;187089392;2033293480;415047032
1635937620;2021-11-03 14:07;1015435104;250771632;1032285864;189853056;2047720968;440624688
1635937680;2021-11-03 14:08;1007451232;270460080;1016489296;201090720;2023940528;471550800
1635937740;2021-11-03 14:09;992000672;262821936;1019347624;185644000;2011348296;448465936
1635937800;2021-11-03 14:10;1007817296;275432440;1100367944;201167608;2108185240;476600048
1635937860;2021-11-03 14:11;1078350136;272407128;1106465776;189500984;2184815912;461908112
1635937920;2021-11-03 14:12;1050851872;298553304;1097857056;203418824;2148708928;501972128
1635937980;2021-11-03 14:13;1049241568;254986960;1092191296;185764424;2141432864;440751384
1635938040;2021-11-03 14:14;1103312384;256497416;1095106368;190133248;2198418752;446630664
1635938100;2021-11-03 14:15;1090683496;316613352;1188702760;192548000;2279386256;509161352
1635938160;2021-11-03 14:16;1185193912;295549712;1099155792;165983552;2284349704;461533264
1635938220;2021-11-03 14:17;1215500376;301616424;1201547752;172034312;2417048128;473650736
1635938280;2021-11-03 14:18;1107898576;284473496;1192617048;172265744;2300515624;456739240
1635938340;2021-11-03 14:19;1075489656;221927880;1166025744;163880760;2241515400;385808640
1635938400;2021-11-03 14:20;1147326984;247961000;1180346248;192343968;2327673232;440304968
1635938460;2021-11-03 14:21;1145397384;250559200;1188320344;195872952;2333717728;446432152
1635938520;2021-11-03 14:22;1173393088;277592800;1198670272;186265192;2372063360;463857992
1635938580;2021-11-03 14:23;1097206976;264837672;1257842176;202720936;2355049152;467558608
1635938640;2021-11-03 14:24;1031650136;246923016;1315847872;200790000;2347498008;447713016
1635938700;2021-11-03 14:25;1190434176;245495192;1214199320;243776576;2404633496;489271768
1635938760;2021-11-03 14:26;1173896848;284919424;1280025320;218344760;2453922168;503264184
1635938820;2021-11-03 14:27;1179956032;280977560;1210719520;197551736;2390675552;478529296
1635938880;2021-11-03 14:28;1062576272;269074784;1208944096;201066160;2271520368;470140944
1635938940;2021-11-03 14:29;1080681944;226877112;1304834952;215775760;2385516896;442652872
1635939000;2021-11-03 14:30;1283545848;328000456;1209915992;199484512;2493461840;527484968
1635939060;2021-11-03 14:31;1224940856;231487280;1318149032;191855024;2543089888;423342304
1635939120;2021-11-03 14:32;1229302408;234127104;1263781680;197038456;2493084088;431165560
1635939180;2021-11-03 14:33;1190912088;215939376;1286425616;208770912;2477337704;424710288
1635939240;2021-11-03 14:34;1206265288;228951352;1195605800;220162344;2401871088;449113696
1635939300;2021-11-03 14:35;1273149408;229560736;1395351272;208907256;2668500680;438467992
1635939360;2021-11-03 14:36;1187167320;206518824;1266555696;219087768;2453723016;425606592
1635939420;2021-11-03 14:37;1144667696;231907672;1274099896;255159976;2418767592;487067648
1635939480;2021-11-03 14:38;1161877400;195331856;1301430248;226279512;2463307648;421611368
1635939540;2021-11-03 14:39;1147335896;203286184;1194132832;244291072;2341468728;447577256
1635939600;2021-11-03 14:40;1201601448;199321216;1277055128;245423800;2478656576;444745016
1635939660;2021-11-03 14:41;1131970192;198031544;1229537320;241398400;2361507512;439429944
1635939720;2021-11-03 14:42;1142893896;179164032;1125962256;210150928;2268856152;389314960
1635939780;2021-11-03 14:43;1155135768;181204296;1189153040;210981792;2344288808;392186088
1635939840;2021-11-03 14:44;1141991336;169225656;1203135296;196187616;2345126632;365413272
1635939900;2021-11-03 14:45;1136957008;184603704;1259424152;190825400;2396381160;375429104
1635939960;2021-11-03 14:46;1137540112;198973008;1174199288;175868168;2311739400;374841176
1635940020;2021-11-03 14:47;1101185240;187297816;1112658296;195594288;2213843536;382892104
1635940080;2021-11-03 14:48;1041867832;198013008;1145812144;198454712;2187679976;396467720
1635940140;2021-11-03 14:49;1012953800;198870568;1058600760;251232904;2071554560;450103472
1635940200;2021-11-03 14:50;1174575952;187774536;1232061864;206178664;2406637816;393953200
1635940260;2021-11-03 14:51;1128576584;204264000;1148375080;205114736;2276951664;409378736
1635940320;2021-11-03 14:52;1142972240;204225024;1076782960;204007944;2219755200;408232968
1635940380;2021-11-03 14:53;1100961224;193558024;971099432;189484752;2072060656;383042776
1635940440;2021-11-03 14:54;1014383736;196049664;1010307920;162921080;2024691656;358970744
1635940500;2021-11-03 14:55;1182972616;213073072;1016676368;178738288;2199648984;391811360
1635940560;2021-11-03 14:56;1148702608;223534400;976440680;197906704;2125143288;421441104
1635940620;2021-11-03 14:57;1123945336;205379848;945691616;191166696;2069636952;396546544
1635940680;2021-11-03 14:58;1133159480;181226224;972926008;185935768;2106085488;367161992
1635940740;2021-11-03 14:59;1117621912;225862232;985574096;190150008;2103196008;416012240
1635940800;2021-11-03 15:00;1083631704;259528560;1080528136;209644880;2164159840;469173440
1635940860;2021-11-03 15:01;1023255288;242282056;1058892664;215427568;2082147952;457709624
1635940920;2021-11-03 15:02;1063099224;270947680;1099347952;239776000;2162447176;510723680
1635940980;2021-11-03 15:03;973842216;254346208;1040935880;225341488;2014778096;479687696
1635941040;2021-11-03 15:04;988995360;234135960;1053084328;223688256;2042079688;457824216
1635941100;2021-11-03 15:05;1132772416;237004680;1191624128;232176984;2324396544;469181664
1635941160;2021-11-03 15:06;1089011640;235285168;1204495328;259858536;2293506968;495143704
1635941220;2021-11-03 15:07;1151403528;227342720;1145364168;270289360;2296767696;497632080
1635941280;2021-11-03 15:08;1079099512;199654000;1141218968;254116816;2220318480;453770816
1635941340;2021-11-03 15:09;1111797040;195215288;1262785672;247390944;2374582712;442606232
1635941400;2021-11-03 15:10;1084659008;220709280;1181807432;219753784;2266466440;440463064
1635941460;2021-11-03 15:11;1160886080;239599776;1243973040;222013688;2404859120;461613464
1635941520;2021-11-03 15:12;1096636488;216767240;1213617128;258510344;2310253616;475277584
1635941580;2021-11-03 15:13;1144161752;218044104;1253841504;307084728;2398003256;525128832
1635941640;2021-11-03 15:14;1062039648;233907056;1110239632;301730248;2172279280;535637304
1635941700;2021-11-03 15:15;1130325216;194511656;1329642112;271023832;2459967328;465535488
1635941760;2021-11-03 15:16;1077762384;206413984;1161775680;256718888;2239538064;463132872
1635941820;2021-11-03 15:17;1065671392;214671936;1207247760;246730608;2272919152;461402544
1635941880;2021-11-03 15:18;1092804256;291608056;1298350208;265494208;2391154464;557102264
1635941940;2021-11-03 15:19;974942368;345292216;1105675952;228033016;2080618320;573325232
1635942000;2021-11-03 15:20;1114326048;321712888;1247332296;239017320;2361658344;560730208
1635942060;2021-11-03 15:21;1188931208;258720376;1240383696;245409512;2429314904;504129888
1635942120;2021-11-03 15:22;1118273752;322635840;1348194640;264573968;2466468392;587209808
1635942180;2021-11-03 15:23;1177375160;319884528;1157698064;233091632;2335073224;552976160
1635942240;2021-11-03 15:24;1198485496;322186776;1240417792;241429216;2438903288;563615992
1635942300;2021-11-03 15:25;1101030832;279483728;1206111768;206402712;2307142600;485886440
1635942360;2021-11-03 15:26;1046775680;209008520;1294607152;227371536;2341382832;436380056
1635942420;2021-11-03 15:27;1198649368;228863552;1318518896;286023600;2517168264;514887152
1635942480;2021-11-03 15:28;1097148448;283921768;1361008744;239320424;2458157192;523242192
1635942540;2021-11-03 15:29;1067286536;270715952;1321813744;230211448;2389100280;500927400
1635942600;2021-11-03 15:30;1221900112;300687648;1326111632;237729440;2548011744;538417088
1635942660;2021-11-03 15:31;1205271912;262223856;1409156176;252991008;2614428088;515214864
1635942720;2021-11-03 15:32;1224185432;267959736;1295988888;298195056;2520174320;566154792
1635942780;2021-11-03 15:33;1160010120;256601392;1372480120;235556008;2532490240;492157400
1635942840;2021-11-03 15:34;1224230904;231383256;1310008608;217727048;2534239512;449110304
1635942900;2021-11-03 15:35;1186398576;281171648;1294487336;221922616;2480885912;503094264
1635942960;2021-11-03 15:36;1172123088;314619608;1311293312;187916224;2483416400;502535832
1635943020;2021-11-03 15:37;1116926968;282675200;1195048088;207215480;2311975056;489890680
1635943080;2021-11-03 15:38;1193210872;260798928;1395980088;229741560;2589190960;490540488
1635943140;2021-11-03 15:39;1236117176;244735752;1313513224;224773824;2549630400;469509576
1635943200;2021-11-03 15:40;1201467200;298507776;1304081344;234841264;2505548544;533349040
1635943260;2021-11-03 15:41;1142536536;313914568;1272435968;235390624;2414972504;549305192
1635943320;2021-11-03 15:42;1159234280;234192104;1349437704;282497328;2508671984;516689432
1635943380;2021-11-03 15:43;1153561632;227931872;1275110608;274889112;2428672240;502820984
1635943440;2021-11-03 15:44;1107151696;212420048;1275139624;289541488;2382291320;501961536
1635943500;2021-11-03 15:45;1238772056;213755624;1283316848;205087824;2522088904;418843448
1635943560;2021-11-03 15:46;1084062840;196108992;1291728248;181739480;2375791088;377848472
1635943620;2021-11-03 15:47;1084824984;231684952;1260691408;188225976;2345516392;419910928
1635943680;2021-11-03 15:48;1106849856;228463088;1263950536;222368424;2370800392;450831512
1635943740;2021-11-03 15:49;1063455000;216987880;1260479512;223015000;2323934512;440002880
1635943800;2021-11-03 15:50;1103765736;232262920;1229683648;180222824;2333449384;412485744
1635943860;2021-11-03 15:51;1090258720;254484656;1225160960;177336112;2315419680;431820768
1635943920;2021-11-03 15:52;1058373120;257125288;1091601792;183736408;2149974912;440861696
1635943980;2021-11-03 15:53;1145130744;230906088;1201065632;188590776;2346196376;419496864
1635944040;2021-11-03 15:54;1103150672;229541640;1105278808;178446096;2208429480;407987736
1635944100;2021-11-03 15:55;1106339504;237265616;1341655760;201525544;2447995264;438791160
1635944160;2021-11-03 15:56;1074029760;251213880;1194895304;239459184;2268925064;490673064
1635944220;2021-11-03 15:57;1121287296;226725576;1309936264;206040728;2431223560;432766304
1635944280;2021-11-03 15:58;1236987440;231781480;1219326968;176052080;2456314408;407833560
1635944340;2021-11-03 15:59;1208964944;238452592;1244275080;211795120;2453240024;450247712
1635944400;2021-11-03 16:00;1284771488;205911856;1421041656;208235104;2705813144;414146960
1635944460;2021-11-03 16:01;1182813808;193956824;1354387064;214919608;2537200872;408876432
1635944520;2021-11-03 16:02;1380290608;203917496;1291651520;208623800;2671942128;412541296
1635944580;2021-11-03 16:03;1371068160;205594416;1327395576;193483896;2698463736;399078312
1635944640;2021-11-03 16:04;1313655536;201580632;1307330368;182814504;2620985904;384395136
1635944700;2021-11-03 16:05;1145417952;240655184;1347067304;220988968;2492485256;461644152
1635944760;2021-11-03 16:06;1096059376;232868488;1252229240;228965968;2348288616;461834456
1635944820;2021-11-03 16:07;1128845976;255408392;1294401296;200755424;2423247272;456163816
1635944880;2021-11-03 16:08;1143251328;242245168;1270794976;244986680;2414046304;487231848
1635944940;2021-11-03 16:09;1090356608;249320768;1195355808;223304240;2285712416;472625008
1635945000;2021-11-03 16:10;1215605616;231708400;1287585704;219404472;2503191320;451112872
1635945060;2021-11-03 16:11;1276348096;266687392;1212100160;207336096;2488448256;474023488
1635945120;2021-11-03 16:12;1204463616;251991192;1246434432;243806432;2450898048;495797624
1635945180;2021-11-03 16:13;1251739008;271640200;1157482576;268572216;2409221584;540212416
1635945240;2021-11-03 16:14;1258861056;259545296;1095230352;249953792;2354091408;509499088
1635945300;2021-11-03 16:15;1382095656;312744992;1204962312;264968816;2587057968;577713808
1635945360;2021-11-03 16:16;1339949144;259297144;1086144576;201701120;2426093720;460998264
1635945420;2021-11-03 16:17;1315945632;269619528;1147078760;205683048;2463024392;475302576
1635945480;2021-11-03 16:18;1280162192;247117584;1122484024;216146440;2402646216;463264024
1635945540;2021-11-03 16:19;1314903608;264350032;1236734328;215853472;2551637936;480203504
1635945600;2021-11-03 16:20;1320261680;269935424;1096772520;222415968;2417034200;492351392
1635945660;2021-11-03 16:21;1319674856;256753920;1221181480;211054536;2540856336;467808456
1635945720;2021-11-03 16:22;1313106992;260774120;1176983624;214310400;2490090616;475084520
1635945780;2021-11-03 16:23;1405490264;236159640;1144786488;210427216;2550276752;446586856
1635945840;2021-11-03 16:24;1331720192;245910800;1129133536;194207848;2460853728;440118648
1635945900;2021-11-03 16:25;1326248024;258969184;1100614632;209176456;2426862656;468145640
1635945960;2021-11-03 16:26;1237970328;264031816;1166662208;196401224;2404632536;460433040
1635946020;2021-11-03 16:27;1343902768;220161376;1077865832;218817080;2421768600;438978456
1635946080;2021-11-03 16:28;1251614528;197070056;1094488672;199359496;2346103200;396429552
1635946140;2021-11-03 16:29;1276822184;224374672;1110947856;201565384;2387770040;425940056
1635946200;2021-11-03 16:30;1256587104;207087160;1195205520;214656192;2451792624;421743352
1635946260;2021-11-03 16:31;1236343256;219644672;1217902176;204190648;2454245432;423835320
1635946320;2021-11-03 16:32;1223116368;205330248;1201719888;202015040;2424836256;407345288
1635946380;2021-11-03 16:33;1168235376;219918856;1145909656;216028744;2314145032;435947600
1635946440;2021-11-03 16:34;1097914448;242141288;1133377408;192813168;2231291856;434954456
1635946500;2021-11-03 16:35;1160786704;220579664;1201360720;201233208;2362147424;421812872
1635946560;2021-11-03 16:36;1194334520;222236976;1109956608;228167240;2304291128;450404216
1635946620;2021-11-03 16:37;1131251152;224767592;1143704912;233807280;2274956064;458574872
1635946680;2021-11-03 16:38;1164982696;278284192;1115723952;260727224;2280706648;539011416
1635946740;2021-11-03 16:39;1186481456;274189160;1125402880;246768904;2311884336;520958064
1635946800;2021-11-03 16:40;1233435664;206393216;1119544392;207434216;2352980056;413827432
1635946860;2021-11-03 16:41;1299535544;205570912;1141356408;234753184;2440891952;440324096
1635946920;2021-11-03 16:42;1289015904;201677440;1173965056;178055600;2462980960;379733040
1635946980;2021-11-03 16:43;1379015080;209746408;1220526056;173914096;2599541136;383660504
1635947040;2021-11-03 16:44;1217176008;198707456;1270959464;198197688;2488135472;396905144
1635947100;2021-11-03 16:45;1191388656;180369120;1134118792;179294424;2325507448;359663544
1635947160;2021-11-03 16:46;1197152808;185690928;1207952488;186824104;2405105296;372515032
1635947220;2021-11-03 16:47;1183441480;247384232;1173707504;186186208;2357148984;433570440
1635947280;2021-11-03 16:48;1220148880;191024976;1191002960;190819328;2411151840;381844304
1635947340;2021-11-03 16:49;1156973392;209157992;1054838464;174640864;2211811856;383798856
1635947400;2021-11-03 16:50;1211557496;232156328;1108401408;206758072;2319958904;438914400
1635947460;2021-11-03 16:51;1164383152;253555848;1126522808;198980096;2290905960;452535944
1635947520;2021-11-03 16:52;1219429952;212327344;1136398552;176680504;2355828504;389007848
1635947580;2021-11-03 16:53;1301168664;212693328;1161030448;170823400;2462199112;383516728
1635947640;2021-11-03 16:54;1260149456;186701896;1083593808;180645992;2343743264;367347888
1635947700;2021-11-03 16:55;1331786816;180324944;1092854376;180861456;2424641192;361186400
1635947760;2021-11-03 16:56;1349633032;218355016;1046676328;204371472;2396309360;422726488
1635947820;2021-11-03 16:57;1258211368;215878560;1086608784;198540008;2344820152;414418568
1635947880;2021-11-03 16:58;1284766544;196125544;1141142744;199922760;2425909288;396048304
1635947940;2021-11-03 16:59;1179194336;217112584;1035433320;194909296;2214627656;412021880
1635948000;2021-11-03 17:00;1389946456;212314072;1134782160;199339088;2524728616;411653160
1635948060;2021-11-03 17:01;1318482448;252624656;1179402592;200397864;2497885040;453022520
1635948120;2021-11-03 17:02;1266307728;241037912;1188990464;216268608;2455298192;457306520
1635948180;2021-11-03 17:03;1348873904;211687928;1194233368;192761560;2543107272;404449488
1635948240;2021-11-03 17:04;1334441776;209366928;1156815032;223412800;2491256808;432779728
1635948300;2021-11-03 17:05;1323809648;294339576;1140309304;214943496;2464118952;509283072
1635948360;2021-11-03 17:06;1370696944;191735720;1181653424;204710072;2552350368;396445792
1635948420;2021-11-03 17:07;1433693536;254182008;1227923488;185895904;2661617024;440077912
1635948480;2021-11-03 17:08;1400434488;187423344;1223347664;183705584;2623782152;371128928
1635948540;2021-11-03 17:09;1369220232;209962464;1155295328;197784448;2524515560;407746912
1635948600;2021-11-03 17:10;1562486216;200199200;1171296584;176895048;2733782800;377094248
1635948660;2021-11-03 17:11;1331304856;197845520;1235038968;166352416;2566343824;364197936
1635948720;2021-11-03 17:12;1339667328;222447568;1199393016;195392392;2539060344;417839960
1635948780;2021-11-03 17:13;1247251624;183942152;1259988504;199371720;2507240128;383313872
1635948840;2021-11-03 17:14;1377016784;187160768;1266522656;198343232;2643539440;385504000
1635948900;2021-11-03 17:15;1478300416;247864360;1222125240;193376400;2700425656;441240760
1635948960;2021-11-03 17:16;1350859632;241349912;1271395920;224710432;2622255552;466060344
1635949020;2021-11-03 17:17;1331569760;233315208;1242311408;196917624;2573881168;430232832
1635949080;2021-11-03 17:18;1244160888;254466000;1230880552;211685424;2475041440;466151424
1635949140;2021-11-03 17:19;1293454592;245234400;1297364488;227010512;2590819080;472244912
1635949200;2021-11-03 17:20;1310325464;242628688;1234687600;260310104;2545013064;502938792
1635949260;2021-11-03 17:21;1353075168;214730976;1161638320;219865088;2514713488;434596064
1635949320;2021-11-03 17:22;1334335880;238867928;1184303680;219146856;2518639560;458014784
1635949380;2021-11-03 17:23;1264185848;231862504;1180868568;204465880;2445054416;436328384
1635949440;2021-11-03 17:24;1278399040;248599912;1126889328;196856112;2405288368;445456024
1635949500;2021-11-03 17:25;1393983952;264023176;1245504944;229067368;2639488896;493090544
1635949560;2021-11-03 17:26;1338506152;274206736;1270538424;237745464;2609044576;511952200
1635949620;2021-11-03 17:27;1331988560;253858888;1299218432;219721832;2631206992;473580720
1635949680;2021-11-03 17:28;1329969304;263430312;1283372104;195420944;2613341408;458851256
1635949740;2021-11-03 17:29;1379927280;267504008;1235496312;205745944;2615423592;473249952
1635949800;2021-11-03 17:30;1323328856;270936456;1180869208;228824744;2504198064;499761200
1635949860;2021-11-03 17:31;1213401928;259587632;1253676008;266119472;2467077936;525707104
1635949920;2021-11-03 17:32;1251570576;278259464;1388537064;267415192;2640107640;545674656
1635949980;2021-11-03 17:33;1263111224;280305392;1343796464;231417384;2606907688;511722776
1635950040;2021-11-03 17:34;1224553696;289162424;1404499664;213370488;2629053360;502532912
1635950100;2021-11-03 17:35;1276186352;308139312;1388420872;223543216;2664607224;531682528
1635950160;2021-11-03 17:36;1293224456;287737184;1258766184;241797640;2551990640;529534824
1635950220;2021-11-03 17:37;1226261104;333710344;1345654152;252105504;2571915256;585815848
1635950280;2021-11-03 17:38;1211747824;302764232;1320541920;266069240;2532289744;568833472
1635950340;2021-11-03 17:39;1167903616;300906320;1366760000;244932424;2534663616;545838744
1635950400;2021-11-03 17:40;1320115968;281358656;1309568968;245980904;2629684936;527339560
1635950460;2021-11-03 17:41;1306879648;241264864;1327271720;238526440;2634151368;479791304
1635950520;2021-11-03 17:42;1177209792;216058648;1390324128;245023928;2567533920;461082576
1635950580;2021-11-03 17:43;1173542456;225936280;1379635336;251188848;2553177792;477125128
1635950640;2021-11-03 17:44;1182414328;228447304;1446848264;225268536;2629262592;453715840
1635950700;2021-11-03 17:45;1222706928;249934488;1373168800;237006320;2595875728;486940808
1635950760;2021-11-03 17:46;1251800888;247935552;1273057024;232998152;2524857912;480933704
1635950820;2021-11-03 17:47;1240014440;232844072;1351716336;223191560;2591730776;456035632
1635950880;2021-11-03 17:48;1408935312;220131056;1245269744;224529840;2654205056;444660896
1635950940;2021-11-03 17:49;1471736240;246689056;1191103888;243226352;2662840128;489915408
1635951000;2021-11-03 17:50;1377301800;206024104;1141009432;265379432;2518311232;471403536
1635951060;2021-11-03 17:51;1426612520;228072616;1243265904;274109464;2669878424;502182080
1635951120;2021-11-03 17:52;1441387408;202056032;1200804536;345800928;2642191944;547856960
1635951180;2021-11-03 17:53;1379098024;214194568;1334075480;333293504;2713173504;547488072
1635951240;2021-11-03 17:54;1320243424;200454280;1211056072;298256816;2531299496;498711096
1635951300;2021-11-03 17:55;1576703256;262950960;1395244840;256796856;2971948096;519747816
1635951360;2021-11-03 17:56;1460947496;225916032;1282483680;230119256;2743431176;456035288
1635951420;2021-11-03 17:57;1431965576;212045320;1284278416;250827888;2716243992;462873208
1635951480;2021-11-03 17:58;1409398224;252355896;1377211504;228309272;2786609728;480665168
1635951540;2021-11-03 17:59;1445969944;273359944;1554311816;235142896;3000281760;508502840
1635951600;2021-11-03 18:00;1420895248;297258688;1497576464;224374016;2918471712;521632704
1635951660;2021-11-03 18:01;1419584232;316973720;1562475576;224940552;2982059808;541914272
1635951720;2021-11-03 18:02;1349931616;290188552;1486610720;212582624;2836542336;502771176
1635951780;2021-11-03 18:03;1257671752;273402688;1479386216;200387424;2737057968;473790112
1635951840;2021-11-03 18:04;1253575272;251909296;1392123536;193106328;2645698808;445015624
1635951900;2021-11-03 18:05;1328313344;244642112;1451976320;227252680;2780289664;471894792
1635951960;2021-11-03 18:06;1378354520;246592896;1419832160;213893000;2798186680;460485896
1635952020;2021-11-03 18:07;1345958304;231943592;1394642640;207845136;2740600944;439788728
1635952080;2021-11-03 18:08;1435446304;253282696;1467122456;242428912;2902568760;495711608
1635952140;2021-11-03 18:09;1431839920;251162152;1391469176;243856536;2823309096;495018688
1635952200;2021-11-03 18:10;1441376584;249830816;1411086120;235916184;2852462704;485747000
1635952260;2021-11-03 18:11;1442457488;257106072;1489207080;239191208;2931664568;496297280
1635952320;2021-11-03 18:12;1499395288;302241760;1498921432;276005520;2998316720;578247280
1635952380;2021-11-03 18:13;1559133192;324978240;1553669784;268574064;3112802976;593552304
1635952440;2021-11-03 18:14;1604933344;276930776;1583831400;271262720;3188764744;548193496
1635952500;2021-11-03 18:15;1596709744;278669624;1573778408;268372784;3170488152;547042408
1635952560;2021-11-03 18:16;1697070768;295125264;1634925384;260449752;3331996152;555575016
1635952620;2021-11-03 18:17;1497194032;282413144;1590589416;256544720;3087783448;538957864
1635952680;2021-11-03 18:18;1485095640;263165256;1500269136;224813112;2985364776;487978368
1635952740;2021-11-03 18:19;1462743888;233857632;1469432448;216984768;2932176336;450842400
1635952800;2021-11-03 18:20;1602920768;267209624;1510073280;231444968;3112994048;498654592
1635952860;2021-11-03 18:21;1579695072;256889848;1477960864;238471968;3057655936;495361816
1635952920;2021-11-03 18:22;1459793528;238830576;1453049520;288777032;2912843048;527607608
1635952980;2021-11-03 18:23;1411211600;211925224;1543244432;243353168;2954456032;455278392
1635953040;2021-11-03 18:24;1554252248;211917848;1605771608;264995816;3160023856;476913664
1635953100;2021-11-03 18:25;1754637120;231885304;1655961280;274741016;3410598400;506626320
1635953160;2021-11-03 18:26;1653486608;267066048;1584895560;255333440;3238382168;522399488
1635953220;2021-11-03 18:27;1743634544;277058872;1711684280;266651152;3455318824;543710024
1635953280;2021-11-03 18:28;1674732896;333158376;1637781712;261211120;3312514608;594369496
1635953340;2021-11-03 18:29;1587132448;285623296;1587554168;259789664;3174686616;545412960
1635953400;2021-11-03 18:30;1580941856;270399304;1643777800;292047648;3224719656;562446952
1635953460;2021-11-03 18:31;1492250840;270421840;1587360904;273651280;3079611744;544073120
1635953520;2021-11-03 18:32;1467535616;263818848;1565197120;303198960;3032732736;567017808
1635953580;2021-11-03 18:33;1489444160;276306952;1568296560;313270152;3057740720;589577104
1635953640;2021-11-03 18:34;1507093512;219909416;1427688240;284543656;2934781752;504453072
1635953700;2021-11-03 18:35;1527990280;259181264;1511645408;260771808;3039635688;519953072
1635953760;2021-11-03 18:36;1472142192;238553504;1489720192;269152216;2961862384;507705720
1635953820;2021-11-03 18:37;1423655032;260015928;1528243168;252753160;2951898200;512769088
1635953880;2021-11-03 18:38;1409998216;258701928;1505154664;245273440;2915152880;503975368
1635953940;2021-11-03 18:39;1466768672;237823264;1497390760;222511560;2964159432;460334824
1635954000;2021-11-03 18:40;1429943112;253093776;1496713840;297638128;2926656952;550731904
1635954060;2021-11-03 18:41;1452669424;256494152;1488939448;275203448;2941608872;531697600
1635954120;2021-11-03 18:42;1442858488;252710232;1337628416;286405224;2780486904;539115456
1635954180;2021-11-03 18:43;1407143680;265786088;1409141376;257190216;2816285056;522976304
1635954240;2021-11-03 18:44;1439158296;251632400;1336618704;281803520;2775777000;533435920
1635954300;2021-11-03 18:45;1523709656;241049424;1338757920;265415720;2862467576;506465144
1635954360;2021-11-03 18:46;1497177248;268333328;1324937968;268425040;2822115216;536758368
1635954420;2021-11-03 18:47;1549701128;254680520;1413111440;247536904;2962812568;502217424
1635954480;2021-11-03 18:48;1477122000;277126928;1462709040;254380424;2939831040;531507352
1635954540;2021-11-03 18:49;1499818896;230707480;1484423456;222862920;2984242352;453570400
1635954600;2021-11-03 18:50;1591666896;267031608;1476170760;267997904;3067837656;535029512
1635954660;2021-11-03 18:51;1567222264;267181016;1410801576;267099168;2978023840;534280184
1635954720;2021-11-03 18:52;1630871288;247082768;1526558000;265061864;3157429288;512144632
1635954780;2021-11-03 18:53;1546741608;252916176;1551778904;246956680;3098520512;499872856
1635954840;2021-11-03 18:54;1530525952;273043600;1531167232;283066088;3061693184;556109688
1635954900;2021-11-03 18:55;1464740392;281512832;1662716544;264901256;3127456936;546414088
1635954960;2021-11-03 18:56;1377568944;219029928;1591085328;238699120;2968654272;457729048
1635955020;2021-11-03 18:57;1446110760;223776816;1620252888;272961704;3066363648;496738520
1635955080;2021-11-03 18:58;1505501712;225934600;1618788784;253349048;3124290496;479283648
1635955140;2021-11-03 18:59;1514701888;207306720;1527684200;248686504;3042386088;455993224
1635955200;2021-11-03 19:00;1537668144;217119024;1549377464;251788456;3087045608;468907480
1635955260;2021-11-03 19:01;1557027320;261386832;1586748288;249193880;3143775608;510580712
1635955320;2021-11-03 19:02;1580512232;221880264;1756375376;276646056;3336887608;498526320
1635955380;2021-11-03 19:03;1562125560;262778848;1713774960;310372000;3275900520;573150848
1635955440;2021-11-03 19:04;1562897872;253153952;1608630568;252670480;3171528440;505824432
1635955500;2021-11-03 19:05;1491068040;263521704;1878914048;239398280;3369982088;502919984
1635955560;2021-11-03 19:06;1617826944;261239128;1679969664;233838624;3297796608;495077752
1635955620;2021-11-03 19:07;1623750488;258671840;1774939904;244779888;3398690392;503451728
1635955680;2021-11-03 19:08;1562140736;248962736;1690467640;224634728;3252608376;473597464
1635955740;2021-11-03 19:09;1622789608;315727112;1603387968;241725528;3226177576;557452640
1635955800;2021-11-03 19:10;1596556912;360475400;1725460456;267583696;3322017368;628059096
1635955860;2021-11-03 19:11;1659755968;306909128;1551218888;236639816;3210974856;543548944
1635955920;2021-11-03 19:12;1699460352;258853200;1517343200;244677376;3216803552;503530576
1635955980;2021-11-03 19:13;1696659128;268599488;1570998816;263202056;3267657944;531801544
1635956040;2021-11-03 19:14;1542680696;247433256;1518260408;268356304;3060941104;515789560
1635956100;2021-11-03 19:15;1766472120;281757024;1655139848;280879672;3421611968;562636696
1635956160;2021-11-03 19:16;1547907960;301960936;1512363432;286627024;3060271392;588587960
1635956220;2021-11-03 19:17;1653072832;287557736;1586408392;286701296;3239481224;574259032
1635956280;2021-11-03 19:18;1587642280;273741056;1631515064;267906008;3219157344;541647064
1635956340;2021-11-03 19:19;1671054256;298041840;1702994560;295259120;3374048816;593300960
1635956400;2021-11-03 19:20;1677372200;285418960;1716199752;314028744;3393571952;599447704
1635956460;2021-11-03 19:21;1647664224;282365032;1653435776;267042272;3301100000;549407304
1635956520;2021-11-03 19:22;1674950776;259586328;1512946608;232990728;3187897384;492577056
1635956580;2021-11-03 19:23;1599452560;257213320;1586713496;206999440;3186166056;464212760
1635956640;2021-11-03 19:24;1632035808;284342480;1689315808;203898008;3321351616;488240488
1635956700;2021-11-03 19:25;1658447624;227750952;1739885888;305693088;3398333512;533444040
1635956760;2021-11-03 19:26;1580566064;282199888;1578740064;319678872;3159306128;601878760
1635956820;2021-11-03 19:27;1717411960;286410096;1597134248;243426464;3314546208;529836560
1635956880;2021-11-03 19:28;1746570120;287868928;1669494336;257782392;3416064456;545651320
1635956940;2021-11-03 19:29;1593210896;254826072;1545065304;240122632;3138276200;494948704
1635957000;2021-11-03 19:30;1893211968;302226688;1832988544;245260200;3726200512;547486888
1635957060;2021-11-03 19:31;1805358328;273546120;1639226768;267894856;3444585096;541440976
1635957120;2021-11-03 19:32;1815845952;289941280;1616117472;234938096;3431963424;524879376
1635957180;2021-11-03 19:33;1801015384;275085416;1784772752;253749000;3585788136;528834416
1635957240;2021-11-03 19:34;1846101888;308416640;1686080784;255093568;3532182672;563510208
1635957300;2021-11-03 19:35;1808406888;286874176;1757572120;252193760;3565979008;539067936
1635957360;2021-11-03 19:36;1839081440;327942048;1737842280;257614160;3576923720;585556208
1635957420;2021-11-03 19:37;1708237752;314864976;1685976368;217512760;3394214120;532377736
1635957480;2021-11-03 19:38;1763736200;321772912;1780786992;206160656;3544523192;527933568
1635957540;2021-11-03 19:39;1663281672;308146520;1744915296;233425336;3408196968;541571856
1635957600;2021-11-03 19:40;1803685640;238809800;1835849464;209375056;3639535104;448184856
1635957660;2021-11-03 19:41;1942609464;265453552;1816461568;261583696;3759071032;527037248
1635957720;2021-11-03 19:42;1817503640;231414688;1839349944;294332712;3656853584;525747400
1635957780;2021-11-03 19:43;1801655392;261006952;1895699776;303620304;3697355168;564627256
1635957840;2021-11-03 19:44;1795780928;287816344;2020008624;303442328;3815789552;591258672
1635957900;2021-11-03 19:45;1929748776;257938008;2081359240;302502536;4011108016;560440544
1635957960;2021-11-03 19:46;1852552072;252072840;2053716448;303574432;3906268520;555647272
1635958020;2021-11-03 19:47;1871100968;271252776;2057403600;340100808;3928504568;611353584
1635958080;2021-11-03 19:48;1872548640;290595776;2004242672;318188960;3876791312;608784736
1635958140;2021-11-03 19:49;1803472536;299870152;1938734400;295140368;3742206936;595010520
1635958200;2021-11-03 19:50;1886961928;257168792;1952694408;340563168;3839656336;597731960
1635958260;2021-11-03 19:51;1879949000;254861672;1990990792;332336056;3870939792;587197728
1635958320;2021-11-03 19:52;1854522776;277306488;1923523840;301158056;3778046616;578464544
1635958380;2021-11-03 19:53;1871734632;315208592;1974218240;283884400;3845952872;599092992
1635958440;2021-11-03 19:54;1860303872;330642576;2056722392;303688312;3917026264;634330888
1635958500;2021-11-03 19:55;2127672992;346393224;2079326360;291015800;4206999352;637409024
1635958560;2021-11-03 19:56;2083356160;302288600;2121891264;274586376;4205247424;576874976
1635958620;2021-11-03 19:57;2099882448;251477000;1964192440;284694648;4064074888;536171648
1635958680;2021-11-03 19:58;1956315896;273360016;2033683264;289204776;3989999160;562564792
1635958740;2021-11-03 19:59;2012117472;246151592;1946527352;290464880;3958644824;536616472
1635958800;2021-11-03 20:00;1959942544;249311568;2030563712;272607464;3990506256;521919032
1635958860;2021-11-03 20:01;2035031352;264042224;1933282400;260367032;3968313752;524409256
1635958920;2021-11-03 20:02;1973173264;284821072;2103081760;256134912;4076255024;540955984
1635958980;2021-11-03 20:03;2013042576;293622320;1940332064;311484672;3953374640;605106992
1635959040;2021-11-03 20:04;1983157968;349363640;1805061320;331616672;3788219288;680980312
1635959100;2021-11-03 20:05;1863827696;368186408;1937898736;308892872;3801726432;677079280
1635959160;2021-11-03 20:06;2017515032;332600008;1924268440;328815152;3941783472;661415160
1635959220;2021-11-03 20:07;1900580064;324292880;1939621600;303918352;3840201664;628211232
1635959280;2021-11-03 20:08;2107211248;381024112;1952927512;334817440;4060138760;715841552
1635959340;2021-11-03 20:09;1937706472;290862952;1896764832;311181448;3834471304;602044400
1635959400;2021-11-03 20:10;1945770024;311025400;1897509216;290226552;3843279240;601251952
1635959460;2021-11-03 20:11;1925300928;326625840;1923191824;267900616;3848492752;594526456
1635959520;2021-11-03 20:12;1892124688;319757136;1896266552;305316952;3788391240;625074088
1635959580;2021-11-03 20:13;2017757536;362188840;2003749728;324756032;4021507264;686944872
1635959640;2021-11-03 20:14;1746247224;352474328;1993642376;313917336;3739889600;666391664
1635959700;2021-11-03 20:15;2131293280;382120464;2105024328;327712192;4236317608;709832656
1635959760;2021-11-03 20:16;2029680728;326219464;2052313136;339542832;4081993864;665762296
1635959820;2021-11-03 20:17;1935280304;339559056;2087943912;320095056;4023224216;659654112
1635959880;2021-11-03 20:18;1978948128;365027328;2222431360;280635392;4201379488;645662720
1635959940;2021-11-03 20:19;2020279816;393026216;2109975304;278618344;4130255120;671644560
1635960000;2021-11-03 20:20;2097226744;393803640;2175777312;277173744;4273004056;670977384
1635960060;2021-11-03 20:21;2120988480;350202704;2285334648;286223304;4406323128;636426008
1635960120;2021-11-03 20:22;2122544088;326994088;2252966736;313060616;4375510824;640054704
1635960180;2021-11-03 20:23;2149578712;351404552;2225853992;299898712;4375432704;651303264
1635960240;2021-11-03 20:24;2149380920;378194048;2284029384;318968584;4433410304;697162632
1635960300;2021-11-03 20:25;2129311952;343899168;2323212888;263354168;4452524840;607253336
1635960360;2021-11-03 20:26;2074240288;328201888;2284967240;245009320;4359207528;573211208
1635960420;2021-11-03 20:27;2099310512;356264336;2202793136;257668944;4302103648;613933280
1635960480;2021-11-03 20:28;2164332496;294232872;2190691736;263713184;4355024232;557946056
1635960540;2021-11-03 20:29;2093484560;300132488;2181430424;236186448;4274914984;536318936
1635960600;2021-11-03 20:30;2283720784;316761064;2259143296;242051760;4542864080;558812824
1635960660;2021-11-03 20:31;2140147032;311787760;2308470280;308819200;4448617312;620606960
1635960720;2021-11-03 20:32;2103839008;284309512;2301588240;286069696;4405427248;570379208
1635960780;2021-11-03 20:33;2024512888;297905744;2281914096;278949176;4306426984;576854920
1635960840;2021-11-03 20:34;1867490608;289296096;2286587656;317343944;4154078264;606640040
1635960900;2021-11-03 20:35;2245196608;330167112;2302064176;304022352;4547260784;634189464
1635960960;2021-11-03 20:36;2012839680;331850144;2360194600;297691920;4373034280;629542064
1635961020;2021-11-03 20:37;1995720096;311342392;2363774608;252413688;4359494704;563756080
1635961080;2021-11-03 20:38;2079644272;254001104;2268590384;263431616;4348234656;517432720
1635961140;2021-11-03 20:39;1975857104;277068792;2314488992;215967864;4290346096;493036656
1635961200;2021-11-03 20:40;2255518464;272764936;2244573040;252145096;4500091504;524910032
1635961260;2021-11-03 20:41;2023893480;262091352;2146831176;238966472;4170724656;501057824
1635961320;2021-11-03 20:42;2057613592;287532296;2262718944;217537664;4320332536;505069960
1635961380;2021-11-03 20:43;2008460704;291562240;2245591400;246100032;4254052104;537662272
1635961440;2021-11-03 20:44;2147600352;273837728;2250104408;282371904;4397704760;556209632
1635961500;2021-11-03 20:45;1883468120;264349248;2371512328;247867720;4254980448;512216968
1635961560;2021-11-03 20:46;1988548368;270921528;2317707672;230774456;4306256040;501695984
1635961620;2021-11-03 20:47;1947962712;272143136;2279959888;257576080;4227922600;529719216
1635961680;2021-11-03 20:48;1977579976;270556152;2193123360;210655328;4170703336;481211480
1635961740;2021-11-03 20:49;1956862120;294407072;2219846760;261059912;4176708880;555466984
1635961800;2021-11-03 20:50;2173018640;294053696;2209565016;262232576;4382583656;556286272
1635961860;2021-11-03 20:51;1977996328;309304864;2105393088;248899400;4083389416;558204264
1635961920;2021-11-03 20:52;2046102640;279995192;2189999392;272087648;4236102032;552082840
1635961980;2021-11-03 20:53;1876041192;270050808;1966425632;281315456;3842466824;551366264
1635962040;2021-11-03 20:54;1946713712;287338496;2073770632;302498528;4020484344;589837024
1635962100;2021-11-03 20:55;1952815448;307115496;2044224368;316919664;3997039816;624035160
1635962160;2021-11-03 20:56;1974384352;353593464;2062325560;348497184;4036709912;702090648
1635962220;2021-11-03 20:57;1809249096;322815400;2041721176;290675800;3850970272;613491200
1635962280;2021-11-03 20:58;1851889424;332177032;2061685072;262886784;3913574496;595063816
1635962340;2021-11-03 20:59;1914395400;343243712;2013104544;253481176;3927499944;596724888
1635962400;2021-11-03 21:00;1812088200;364523904;2259683744;291207184;4071771944;655731088
1635962460;2021-11-03 21:01;1819484504;359207704;2056642152;223160088;3876126656;582367792
1635962520;2021-11-03 21:02;1943223712;304903864;2149166080;251341856;4092389792;556245720
1635962580;2021-11-03 21:03;1785351312;264690344;1930469048;315719208;3715820360;580409552
1635962640;2021-11-03 21:04;1936225656;256056680;2029524464;255043592;3965750120;511100272
1635962700;2021-11-03 21:05;2003658696;279730536;2199559944;290956936;4203218640;570687472
1635962760;2021-11-03 21:06;2021558360;252388264;2095689616;278361696;4117247976;530749960
1635962820;2021-11-03 21:07;1917226360;274422248;2201723408;280288512;4118949768;554710760
1635962880;2021-11-03 21:08;1957125112;292755520;2066967400;294107664;4024092512;586863184
1635962940;2021-11-03 21:09;1912689336;302543208;2043046096;286462416;3955735432;589005624
1635963000;2021-11-03 21:10;2160521600;269289528;1962886464;249532696;4123408064;518822224
1635963060;2021-11-03 21:11;2052507824;268766392;1889649664;251752328;3942157488;520518720
1635963120;2021-11-03 21:12;2015168376;312435704;2018492248;258583544;4033660624;571019248
1635963180;2021-11-03 21:13;2013007760;296683528;2090205864;289175968;4103213624;585859496
1635963240;2021-11-03 21:14;2036209664;290074984;2254978944;279903504;4291188608;569978488
1635963300;2021-11-03 21:15;2061411072;269088464;2086231640;268785064;4147642712;537873528
1635963360;2021-11-03 21:16;2126674784;293862720;2082136016;255275976;4208810800;549138696
1635963420;2021-11-03 21:17;2119398536;289777208;2098705008;255357664;4218103544;545134872
1635963480;2021-11-03 21:18;2099228168;344859288;2072175368;294446024;4171403536;639305312
1635963540;2021-11-03 21:19;2053674152;294125072;2051294424;261394160;4104968576;555519232
1635963600;2021-11-03 21:20;2195857096;345897792;2249722496;249606400;4445579592;595504192
1635963660;2021-11-03 21:21;2123885896;329691168;2134481168;271850808;4258367064;601541976
1635963720;2021-11-03 21:22;2068669328;331803992;2019673136;298332336;4088342464;630136328
1635963780;2021-11-03 21:23;2088401528;303262456;2213073880;317150376;4301475408;620412832
1635963840;2021-11-03 21:24;2033006640;321082960;2101038600;305104592;4134045240;626187552
1635963900;2021-11-03 21:25;2051588576;306686088;2152404808;334596984;4203993384;641283072
1635963960;2021-11-03 21:26;2077482976;330078720;2192529696;286860856;4270012672;616939576
1635964020;2021-11-03 21:27;2157993664;334223992;2231436416;300827688;4389430080;635051680
1635964080;2021-11-03 21:28;2114797440;296039016;2257240792;292850080;4372038232;588889096
1635964140;2021-11-03 21:29;2316664912;286759520;2314874816;305591880;4631539728;592351400
1635964200;2021-11-03 21:30;2270316936;317250048;2235394568;305336424;4505711504;622586472
1635964260;2021-11-03 21:31;2237672088;365216136;2258645304;280434488;4496317392;645650624
1635964320;2021-11-03 21:32;2319188880;325604256;2120962152;273448144;4440151032;599052400
1635964380;2021-11-03 21:33;2185161000;302337648;2099987992;258525976;4285148992;560863624
1635964440;2021-11-03 21:34;2051246384;293974416;2071744680;262010960;4122991064;555985376
1635964500;2021-11-03 21:35;2241259912;308837472;2039109824;263437816;4280369736;572275288
1635964560;2021-11-03 21:36;2098091448;317241312;2064879168;289413032;4162970616;606654344
1635964620;2021-11-03 21:37;2029756512;304379832;2095097648;307328992;4124854160;611708824
1635964680;2021-11-03 21:38;2036631408;272156256;2071329520;251640376;4107960928;523796632
1635964740;2021-11-03 21:39;1982218016;303285072;1979449024;242818360;3961667040;546103432
1635964800;2021-11-03 21:40;2168332464;332146904;2016298880;269746232;4184631344;601893136
1635964860;2021-11-03 21:41;2023576256;316532152;2078622976;278817264;4102199232;595349416
1635964920;2021-11-03 21:42;2100940040;284743192;2083868952;263098784;4184808992;547841976
1635964980;2021-11-03 21:43;2002472088;296950832;2207667440;260682048;4210139528;557632880
1635965040;2021-11-03 21:44;2079593472;337681576;2114472816;301093440;4194066288;638775016
1635965100;2021-11-03 21:45;2109785104;292742536;2055585216;276426584;4165370320;569169120
1635965160;2021-11-03 21:46;2047052488;284591752;1941444320;277162440;3988496808;561754192
1635965220;2021-11-03 21:47;2021183720;310820136;2146078488;243460792;4167262208;554280928
1635965280;2021-11-03 21:48;1924330360;331595376;2296500432;270888792;4220830792;602484168
1635965340;2021-11-03 21:49;2039880736;322685728;2316235616;292194280;4356116352;614880008
1635965400;2021-11-03 21:50;2099587912;351077648;2378642168;265290520;4478230080;616368168
1635965460;2021-11-03 21:51;1986998456;325251248;2301313480;272350688;4288311936;597601936
1635965520;2021-11-03 21:52;1996285968;274462448;2127981584;242972800;4124267552;517435248
1635965580;2021-11-03 21:53;2012492176;293657416;2396780392;266613648;4409272568;560271064
1635965640;2021-11-03 21:54;1892462456;292061288;2233650008;243259080;4126112464;535320368
1635965700;2021-11-03 21:55;2026713560;329770104;2330966000;287139672;4357679560;616909776
1635965760;2021-11-03 21:56;1907158112;292651016;2108792312;218898256;4015950424;511549272
1635965820;2021-11-03 21:57;2023186712;334802008;2289545848;215334440;4312732560;550136448
1635965880;2021-11-03 21:58;2004758768;333989840;2070101656;217024944;4074860424;551014784
1635965940;2021-11-03 21:59;2093828984;330141576;2089442944;208159560;4183271928;538301136
1635966000;2021-11-03 22:00;2001970112;315862104;2139385664;244943632;4141355776;560805736
1635966060;2021-11-03 22:01;2044046192;303292832;2053312632;247769216;4097358824;551062048
1635966120;2021-11-03 22:02;2007690592;297178144;2254923768;239514288;4262614360;536692432
1635966180;2021-11-03 22:03;2101565056;303966112;2142892872;226971544;4244457928;530937656
1635966240;2021-11-03 22:04;2241012152;288291016;2114029104;222892840;4355041256;511183856
1635966300;2021-11-03 22:05;2025941952;278491888;2289657328;220467720;4315599280;498959608
1635966360;2021-11-03 22:06;2067080584;296608712;2325488288;250333344;4392568872;546942056
1635966420;2021-11-03 22:07;2058785552;353384864;2317661432;275663696;4376446984;629048560
1635966480;2021-11-03 22:08;2026583672;400630440;2293185640;279071664;4319769312;679702104
1635966540;2021-11-03 22:09;2129895800;380718584;2155808128;231199672;4285703928;611918256
1635966600;2021-11-03 22:10;2276956928;357007728;2180464240;248400008;4457421168;605407736
1635966660;2021-11-03 22:11;2085931808;339912168;2177095256;293862384;4263027064;633774552
1635966720;2021-11-03 22:12;2138317256;379423504;2140818248;276611056;4279135504;656034560
1635966780;2021-11-03 22:13;2124906472;341426784;2162499520;252763968;4287405992;594190752
1635966840;2021-11-03 22:14;2119584640;355758040;2202474208;261579976;4322058848;617338016
1635966900;2021-11-03 22:15;2055207064;323079296;2313075496;230907288;4368282560;553986584
1635966960;2021-11-03 22:16;2024324664;322764856;2169525776;252852416;4193850440;575617272
1635967020;2021-11-03 22:17;2077636560;317405944;2278207520;203319128;4355844080;520725072
1635967080;2021-11-03 22:18;2016600024;281275088;2067200000;205682528;4083800024;486957616
1635967140;2021-11-03 22:19;2074948400;255183312;2039880552;212980328;4114828952;468163640
1635967200;2021-11-03 22:20;2013471616;264694896;2169707712;248156320;4183179328;512851216
1635967260;2021-11-03 22:21;2060072816;287333040;2115603640;242239952;4175676456;529572992
1635967320;2021-11-03 22:22;2075755024;317417008;2130317840;282033920;4206072864;599450928
1635967380;2021-11-03 22:23;2045333856;392668680;2189265536;307182040;4234599392;699850720
1635967440;2021-11-03 22:24;2012813408;400357600;2134015880;281550368;4146829288;681907968
1635967500;2021-11-03 22:25;2112197488;393731600;2131913648;281801208;4244111136;675532808
1635967560;2021-11-03 22:26;2216856640;360607720;2089817400;282534184;4306674040;643141904
1635967620;2021-11-03 22:27;2139208080;382660552;2107386064;264632856;4246594144;647293408
1635967680;2021-11-03 22:28;2190584864;375709728;2146066944;267476432;4336651808;643186160
1635967740;2021-11-03 22:29;2072517232;413316768;2084117160;256446784;4156634392;669763552
1635967800;2021-11-03 22:30;2178294856;352880720;2224314608;278075848;4402609464;630956568
1635967860;2021-11-03 22:31;2225822808;286656168;2159832304;240599992;4385655112;527256160
1635967920;2021-11-03 22:32;2129718176;275609976;2131997416;232951280;4261715592;508561256
1635967980;2021-11-03 22:33;2115708496;254184072;2163818720;226089304;4279527216;480273376
1635968040;2021-11-03 22:34;2030391392;284127776;2133222688;212712208;4163614080;496839984
1635968100;2021-11-03 22:35;2013400416;279644488;2193407976;242830272;4206808392;522474760
1635968160;2021-11-03 22:36;2115362112;254615160;2188360864;240802112;4303722976;495417272
1635968220;2021-11-03 22:37;2161988896;266982488;2240059312;244780384;4402048208;511762872
1635968280;2021-11-03 22:38;2202439752;305682472;2162613784;263621944;4365053536;569304416
1635968340;2021-11-03 22:39;2154419768;307628064;2040127816;286519208;4194547584;594147272
1635968400;2021-11-03 22:40;2102899648;316368912;2038105840;349675592;4141005488;666044504
1635968460;2021-11-03 22:41;2142131680;264889288;2100621560;392113248;4242753240;657002536
1635968520;2021-11-03 22:42;2157723224;253738408;2026362280;333921048;4184085504;587659456
1635968580;2021-11-03 22:43;2115202016;257506104;1992150008;294976248;4107352024;552482352
1635968640;2021-11-03 22:44;2015425304;253856768;1989171456;316332000;4004596760;570188768
1635968700;2021-11-03 22:45;2219990224;249963504;2211683160;316786152;4431673384;566749656
1635968760;2021-11-03 22:46;2149107912;275382856;2113091080;335752288;4262198992;611135144
1635968820;2021-11-03 22:47;2154337160;280201328;2115684056;292459736;4270021216;572661064
1635968880;2021-11-03 22:48;2161563864;318417760;2064783632;296249128;4226347496;614666888
1635968940;2021-11-03 22:49;2134951008;298186544;2186667224;259494384;4321618232;557680928
1635969000;2021-11-03 22:50;2131628232;312586112;2207677744;265641824;4339305976;578227936
1635969060;2021-11-03 22:51;2253131824;318369184;2194808904;278545552;4447940728;596914736
1635969120;2021-11-03 22:52;2056937208;315479368;2095476712;288521976;4152413920;604001344
1635969180;2021-11-03 22:53;2129648264;348421736;2190568608;290106840;4320216872;638528576
1635969240;2021-11-03 22:54;2308124400;308531904;2268771736;349970072;4576896136;658501976
1635969300;2021-11-03 22:55;2197961528;310144960;2244148168;268664488;4442109696;578809448
1635969360;2021-11-03 22:56;2201574232;288626568;2354025632;293183808;4555599864;581810376
1635969420;2021-11-03 22:57;2297984528;295987056;2300339000;291510744;4598323528;587497800
1635969480;2021-11-03 22:58;2044241672;276239760;2224178904;288868512;4268420576;565108272
1635969540;2021-11-03 22:59;2210478104;279115576;2199668008;296341528;4410146112;575457104
1635969600;2021-11-03 23:00;2091526008;310117432;2197679328;301985368;4289205336;612102800
1635969660;2021-11-03 23:01;2071346960;297273080;2164656256;280497000;4236003216;577770080
1635969720;2021-11-03 23:02;2032606712;306786856;2176755976;288714288;4209362688;595501144
1635969780;2021-11-03 23:03;2063084968;324908128;2067821992;233918640;4130906960;558826768
1635969840;2021-11-03 23:04;1953189864;293615392;2074584544;274337600;4027774408;567952992
1635969900;2021-11-03 23:05;1941279608;291722776;2076603280;232488848;4017882888;524211624
1635969960;2021-11-03 23:06;2000884024;269890296;2114941224;238032880;4115825248;507923176
1635970020;2021-11-03 23:07;2049377568;264542720;2138723432;279930408;4188101000;544473128
1635970080;2021-11-03 23:08;1991765016;253009560;2153669752;314003744;4145434768;567013304
1635970140;2021-11-03 23:09;1996077984;260340784;2163860016;268810320;4159938000;529151104
1635970200;2021-11-03 23:10;1977293448;285701592;2201656264;276512776;4178949712;562214368
1635970260;2021-11-03 23:11;1999667440;288197152;2041597144;278377456;4041264584;566574608
1635970320;2021-11-03 23:12;1903692200;320063128;1991676024;299027920;3895368224;619091048
1635970380;2021-11-03 23:13;1841037024;323938136;1963189064;284437576;3804226088;608375712
1635970440;2021-11-03 23:14;1864799424;275017776;1853816168;282458376;3718615592;557476152
1635970500;2021-11-03 23:15;1839913632;302020800;1995565760;283222864;3835479392;585243664
1635970560;2021-11-03 23:16;1961825608;263964336;1991255776;275005936;3953081384;538970272
1635970620;2021-11-03 23:17;1914570056;280628016;2042936888;264988728;3957506944;545616744
1635970680;2021-11-03 23:18;1853138352;257197504;2017629080;266105424;3870767432;523302928
1635970740;2021-11-03 23:19;1655832552;281113232;1827420392;253578104;3483252944;534691336
1635970800;2021-11-03 23:20;1895903872;274708784;2047477536;260525528;3943381408;535234312
1635970860;2021-11-03 23:21;1780013792;240081032;1985482032;250190048;3765495824;490271080
1635970920;2021-11-03 23:22;1838604536;251186808;1920406808;209306584;3759011344;460493392
1635970980;2021-11-03 23:23;1782756744;250895040;1885351608;207624752;3668108352;458519792
1635971040;2021-11-03 23:24;1790859104;217204160;1931975952;219321944;3722835056;436526104
1635971100;2021-11-03 23:25;2006701032;253572168;2075569704;222144496;4082270736;475716664
1635971160;2021-11-03 23:26;1895432784;239591328;1975211760;289722384;3870644544;529313712
1635971220;2021-11-03 23:27;1942772440;254534368;1970850288;242509784;3913622728;497044152
1635971280;2021-11-03 23:28;1950775416;238782160;1999331520;225231864;3950106936;464014024
1635971340;2021-11-03 23:29;1771590728;254664816;1923704408;246991016;3695295136;501655832
1635971400;2021-11-03 23:30;2121975656;263088168;1868633008;253321032;3990608664;516409200
1635971460;2021-11-03 23:31;1917024168;275378712;1909546248;238920128;3826570416;514298840
1635971520;2021-11-03 23:32;1941617720;252162632;1783288872;205129944;3724906592;457292576
1635971580;2021-11-03 23:33;1899256696;278941120;1807747632;217423512;3707004328;496364632
1635971640;2021-11-03 23:34;1865425640;335178480;1776798936;224090216;3642224576;559268696
1635971700;2021-11-03 23:35;1976849528;389399568;1853612720;218445320;3830462248;607844888
1635971760;2021-11-03 23:36;2024839128;353392392;1847498624;258391080;3872337752;611783472
1635971820;2021-11-03 23:37;1972807912;368604408;1772392160;262859448;3745200072;631463856
1635971880;2021-11-03 23:38;2061668032;350708528;1774900952;215245664;3836568984;565954192
1635971940;2021-11-03 23:39;1918142816;324593712;1684110704;241198288;3602253520;565792000
1635972000;2021-11-03 23:40;1901997424;321999896;1950088800;223588528;3852086224;545588424
1635972060;2021-11-03 23:41;1712645064;330292064;1862458864;220976136;3575103928;551268200
1635972120;2021-11-03 23:42;1886208144;336886928;1888594464;221537080;3774802608;558424008
1635972180;2021-11-03 23:43;1862356640;301821296;1845047408;261956968;3707404048;563778264
1635972240;2021-11-03 23:44;1710767240;309568120;1773586736;233304728;3484353976;542872848
1635972300;2021-11-03 23:45;1933900160;291754496;1917826248;240004960;3851726408;531759456
1635972360;2021-11-03 23:46;1820780800;320190544;1879401872;237790480;3700182672;557981024
1635972420;2021-11-03 23:47;1990736544;303761768;1825919248;244451968;3816655792;548213736
1635972480;2021-11-03 23:48;1913578024;330425128;1989221272;206634624;3902799296;537059752
1635972540;2021-11-03 23:49;1877485608;266998808;1855534520;218419432;3733020128;485418240
1635972600;2021-11-03 23:50;1663646832;302220256;1897196568;285422536;3560843400;587642792
1635972660;2021-11-03 23:51;1793943080;314007704;1779223200;239834920;3573166280;553842624
1635972720;2021-11-03 23:52;1810372136;269819984;1763577824;240555992;3573949960;510375976
1635972780;2021-11-03 23:53;1871936672;275799104;1821426256;228289456;3693362928;504088560
1635972840;2021-11-03 23:54;1791648320;258818344;1780716672;207111040;3572364992;465929384
1635972900;2021-11-03 23:55;1840667384;277026504;1855927936;219956432;3696595320;496982936
1635972960;2021-11-03 23:56;1739270168;290788872;1844053416;210853696;3583323584;501642568
1635973020;2021-11-03 23:57;1671322824;289090744;1978076248;255975592;3649399072;545066336
1635973080;2021-11-03 23:58;1847271088;297573552;1868657616;229727056;3715928704;527300608
1635973140;2021-11-03 23:59;1646593704;272294016;1782897568;283501608;3429491272;555795624
