Timestamp;DateTime;Pirog17-cr1_ae3.444(AS50817 Piter-IX SPB)_tx;Pirog17-cr1_ae3.444(AS50817 Piter-IX SPB)_rx;Cvetoch19-cr1_ae3.444(AS50817 Piter-IX SPB)_tx;Cvetoch19-cr1_ae3.444(AS50817 Piter-IX SPB)_rx;Aggregated_tx;Aggregated_rx
1638219600;2021-11-30 00:00;384995688;292537848;124643440;715771656;509639128;1008309504
1638219660;2021-11-30 00:01;477718448;433411408;110758656;948653032;588477104;1382064440
1638219720;2021-11-30 00:02;455982344;406528448;119773448;1133380720;575755792;1539909168
1638219780;2021-11-30 00:03;521150560;361132104;113235944;1113853816;634386504;1474985920
1638219840;2021-11-30 00:04;456550072;376800840;125836424;1213055856;582386496;1589856696
1638219900;2021-11-30 00:05;448655776;343660960;147540448;1183539176;596196224;1527200136
1638219960;2021-11-30 00:06;534938616;408477296;139652952;1132455104;674591568;1540932400
1638220020;2021-11-30 00:07;534398064;352529496;139070272;1153971936;673468336;1506501432
1638220080;2021-11-30 00:08;585154896;391605720;131566504;1172937832;716721400;1564543552
1638220140;2021-11-30 00:09;1067428472;350673744;122663984;1140881424;1190092456;1491555168
1638220200;2021-11-30 00:10;1000246208;349443736;123049592;1096385808;1123295800;1445829544
1638220260;2021-11-30 00:11;1152036224;439474768;126867848;1167864992;1278904072;1607339760
1638220320;2021-11-30 00:12;982636056;403575048;126832704;1169527672;1109468760;1573102720
1638220380;2021-11-30 00:13;962936816;365006216;139057392;926599848;1101994208;1291606064
1638220440;2021-11-30 00:14;963763080;294405048;127772280;672630632;1091535360;967035680
1638220500;2021-11-30 00:15;948184912;275221768;148141392;615284280;1096326304;890506048
1638220560;2021-11-30 00:16;1044913520;332296584;129914384;611716240;1174827904;944012824
1638220620;2021-11-30 00:17;533369776;289779344;144032720;626308480;677402496;916087824
1638220680;2021-11-30 00:18;438395360;295579040;141675872;626999984;580071232;922579024
1638220740;2021-11-30 00:19;494388408;404712776;139649896;642029752;634038304;1046742528
1638220800;2021-11-30 00:20;488924616;385360560;141226816;704853976;630151432;1090214536
1638220860;2021-11-30 00:21;533996624;317113664;140510568;746239192;674507192;1063352856
1638220920;2021-11-30 00:22;482336848;283128000;138013976;750281400;620350824;1033409400
1638220980;2021-11-30 00:23;468223608;311276096;137973000;810016560;606196608;1121292656
1638221040;2021-11-30 00:24;449808712;328752760;135590224;783946928;585398936;1112699688
1638221100;2021-11-30 00:25;438869240;318961880;130856200;682001984;569725440;1000963864
1638221160;2021-11-30 00:26;523441288;372784968;136146320;699030528;659587608;1071815496
1638221220;2021-11-30 00:27;556945072;372738864;131826936;691117344;688772008;1063856208
1638221280;2021-11-30 00:28;549185640;350263496;131476928;706414288;680662568;1056677784
1638221340;2021-11-30 00:29;526045664;314826400;132787360;657943664;658833024;972770064
1638221400;2021-11-30 00:30;549680600;298406688;134297384;716968096;683977984;1015374784
1638221460;2021-11-30 00:31;558182824;335660304;127740312;728537528;685923136;1064197832
1638221520;2021-11-30 00:32;585198104;366975728;127466856;729333296;712664960;1096309024
1638221580;2021-11-30 00:33;567862680;378190168;117367456;688149488;685230136;1066339656
1638221640;2021-11-30 00:34;542086328;321658112;119913664;652492608;661999992;974150720
1638221700;2021-11-30 00:35;509560664;306027600;118862456;684952832;628423120;990980432
1638221760;2021-11-30 00:36;562285240;329278192;113249136;665506160;675534376;994784352
1638221820;2021-11-30 00:37;519598192;326019664;110333272;654749984;629931464;980769648
1638221880;2021-11-30 00:38;511904784;379138448;110835264;671716472;622740048;1050854920
1638221940;2021-11-30 00:39;514422848;332384656;115530088;700758128;629952936;1033142784
1638222000;2021-11-30 00:40;508446368;331174448;107277744;708905928;615724112;1040080376
1638222060;2021-11-30 00:41;538155240;344882360;108758168;647898424;646913408;992780784
1638222120;2021-11-30 00:42;526302216;371649024;109695184;670193088;635997400;1041842112
1638222180;2021-11-30 00:43;514734568;295780176;111102800;675769960;625837368;971550136
1638222240;2021-11-30 00:44;472848480;306492832;260256960;728199016;733105440;1034691848
1638222300;2021-11-30 00:45;455651736;354998320;269681256;725598912;725332992;1080597232
1638222360;2021-11-30 00:46;517911736;320821104;264049328;748728280;781961064;1069549384
1638222420;2021-11-30 00:47;508471936;256935608;269933504;783321128;778405440;1040256736
1638222480;2021-11-30 00:48;497833104;306670480;299098904;794463392;796932008;1101133872
1638222540;2021-11-30 00:49;487694928;288407040;304486696;862135128;792181624;1150542168
1638222600;2021-11-30 00:50;452920512;372422592;297089376;768536360;750009888;1140958952
1638222660;2021-11-30 00:51;522654704;264610336;267930424;798188912;790585128;1062799248
1638222720;2021-11-30 00:52;511124736;347380352;268266112;737015872;779390848;1084396224
1638222780;2021-11-30 00:53;477199352;267254864;261418800;746897912;738618152;1014152776
1638222840;2021-11-30 00:54;488673104;271101056;263744248;733929752;752417352;1005030808
1638222900;2021-11-30 00:55;470833000;285412920;268187112;707255480;739020112;992668400
1638222960;2021-11-30 00:56;519101256;298366104;262203376;714361504;781304632;1012727608
1638223020;2021-11-30 00:57;498787064;297000680;262856096;718831248;761643160;1015831928
1638223080;2021-11-30 00:58;496323928;294413216;269161888;712401576;765485816;1006814792
1638223140;2021-11-30 00:59;584156000;288287808;258826296;671528176;842982296;959815984
1638223200;2021-11-30 01:00;505813392;257384624;295980096;745330368;801793488;1002714992
1638223260;2021-11-30 01:01;559627328;345784104;294521952;769819288;854149280;1115603392
1638223320;2021-11-30 01:02;495110096;348653464;299804304;785451856;794914400;1134105320
1638223380;2021-11-30 01:03;503070328;387910624;299018808;835455040;802089136;1223365664
1638223440;2021-11-30 01:04;482325632;329863320;294068120;763253824;776393752;1093117144
1638223500;2021-11-30 01:05;455493720;319669648;304242288;759859216;759736008;1079528864
1638223560;2021-11-30 01:06;546464144;387749248;306791552;784527728;853255696;1172276976
1638223620;2021-11-30 01:07;546443464;346228024;273864384;696705624;820307848;1042933648
1638223680;2021-11-30 01:08;486923176;339449880;309748504;736166360;796671680;1075616240
1638223740;2021-11-30 01:09;495853320;341378000;298825680;747284872;794679000;1088662872
1638223800;2021-11-30 01:10;438114104;327003016;302796712;844472944;740910816;1171475960
1638223860;2021-11-30 01:11;487069280;341484328;289403504;742939664;776472784;1084423992
1638223920;2021-11-30 01:12;455654456;339794976;294337440;791782240;749991896;1131577216
1638223980;2021-11-30 01:13;450487472;281717976;304254360;771815928;754741832;1053533904
1638224040;2021-11-30 01:14;503791472;285946896;297817968;728355888;801609440;1014302784
1638224100;2021-11-30 01:15;482714584;240867664;311413384;719486592;794127968;960354256
1638224160;2021-11-30 01:16;548512856;300982984;311115400;747795432;859628256;1048778416
1638224220;2021-11-30 01:17;424479112;227252472;297730696;699932632;722209808;927185104
1638224280;2021-11-30 01:18;444705672;271185552;296549080;701567344;741254752;972752896
1638224340;2021-11-30 01:19;499278816;237190016;297844088;748047760;797122904;985237776
1638224400;2021-11-30 01:20;491588576;249169352;295602896;732317184;787191472;981486536
1638224460;2021-11-30 01:21;526832696;272515168;296863128;676272256;823695824;948787424
1638224520;2021-11-30 01:22;480035008;253690840;304342536;653926536;784377544;907617376
1638224580;2021-11-30 01:23;454695288;234784592;292622880;622116136;747318168;856900728
1638224640;2021-11-30 01:24;482290552;238924224;297245392;1239515024;779535944;1478439248
1638224700;2021-11-30 01:25;485073608;221034824;289145952;1258990872;774219560;1480025696
1638224760;2021-11-30 01:26;505267792;247736296;287974664;1272633872;793242456;1520370168
1638224820;2021-11-30 01:27;442862752;243708088;304460080;960965416;747322832;1204673504
1638224880;2021-11-30 01:28;438282992;235224176;291602616;626333568;729885608;861557744
1638224940;2021-11-30 01:29;423533960;242266040;293192000;678741536;716725960;921007576
1638225000;2021-11-30 01:30;336985712;198316584;298473680;659640920;635459392;857957504
1638225060;2021-11-30 01:31;340997680;258107080;291922288;638635680;632919968;896742760
1638225120;2021-11-30 01:32;352224032;224929048;292691152;645600944;644915184;870529992
1638225180;2021-11-30 01:33;363392848;249237664;296198240;627520928;659591088;876758592
1638225240;2021-11-30 01:34;337029416;246691896;297266880;611314944;634296296;858006840
1638225300;2021-11-30 01:35;348149160;221957160;291246288;622595592;639395448;844552752
1638225360;2021-11-30 01:36;387443264;216099000;290708752;653440296;678152016;869539296
1638225420;2021-11-30 01:37;406549184;239494280;292279096;618372048;698828280;857866328
1638225480;2021-11-30 01:38;406258208;257526040;299880336;696118536;706138544;953644576
1638225540;2021-11-30 01:39;411778768;234374624;291879176;599429288;703657944;833803912
1638225600;2021-11-30 01:40;350808744;203385088;295207728;566315552;646016472;769700640
1638225660;2021-11-30 01:41;379221992;238071088;293361472;736266808;672583464;974337896
1638225720;2021-11-30 01:42;345559968;203043448;291236680;852820824;636796648;1055864272
1638225780;2021-11-30 01:43;355566832;235010520;297883856;850749544;653450688;1085760064
1638225840;2021-11-30 01:44;398265048;215162576;294710448;890425848;692975496;1105588424
1638225900;2021-11-30 01:45;355779136;237182960;287617232;741459048;643396368;978642008
1638225960;2021-11-30 01:46;405826800;236993424;294619128;790778424;700445928;1027771848
1638226020;2021-11-30 01:47;396129688;201439736;293461544;761239544;689591232;962679280
1638226080;2021-11-30 01:48;412937712;215599744;291778136;792956808;704715848;1008556552
1638226140;2021-11-30 01:49;384963440;223597520;296626448;841217248;681589888;1064814768
1638226200;2021-11-30 01:50;401026472;256810384;286280528;783388616;687307000;1040199000
1638226260;2021-11-30 01:51;400346528;242882120;304098800;897306408;704445328;1140188528
1638226320;2021-11-30 01:52;343291032;205467024;293800184;874165680;637091216;1079632704
1638226380;2021-11-30 01:53;345465584;236113240;286392712;896708032;631858296;1132821272
1638226440;2021-11-30 01:54;356618256;203926496;285583968;826694224;642202224;1030620720
1638226500;2021-11-30 01:55;342401656;201449824;291994936;870044808;634396592;1071494632
1638226560;2021-11-30 01:56;387852304;238478528;293955872;906787072;681808176;1145265600
1638226620;2021-11-30 01:57;342782160;206993152;292190088;746408128;634972248;953401280
1638226680;2021-11-30 01:58;328897432;183191000;284090088;757373392;612987520;940564392
1638226740;2021-11-30 01:59;380315560;198923200;283133952;805603200;663449512;1004526400
1638226800;2021-11-30 02:00;386711432;150519720;296216632;907543080;682928064;1058062800
1638226860;2021-11-30 02:01;408749024;263936480;295460984;1030129960;704210008;1294066440
1638226920;2021-11-30 02:02;427633456;238777880;285710480;722783144;713343936;961561024
1638226980;2021-11-30 02:03;404478200;233961792;290070296;635374136;694548496;869335928
1638227040;2021-11-30 02:04;424525776;255236328;299436760;649230344;723962536;904466672
1638227100;2021-11-30 02:05;442532352;260058608;326716216;637916400;769248568;897975008
1638227160;2021-11-30 02:06;412139016;243971352;321475712;631703696;733614728;875675048
1638227220;2021-11-30 02:07;402940856;257845376;317751472;635027216;720692328;892872592
1638227280;2021-11-30 02:08;370475912;240051352;322550224;638020416;693026136;878071768
1638227340;2021-11-30 02:09;392876024;247544040;327657160;622487616;720533184;870031656
1638227400;2021-11-30 02:10;344187000;231551472;309013832;618376800;653200832;849928272
1638227460;2021-11-30 02:11;416247104;256446696;309479736;605888088;725726840;862334784
1638227520;2021-11-30 02:12;380475176;244614736;308682864;531879368;689158040;776494104
1638227580;2021-11-30 02:13;362363448;237397176;313980016;518893888;676343464;756291064
1638227640;2021-11-30 02:14;343865008;189714048;311354376;519664408;655219384;709378456
1638227700;2021-11-30 02:15;336685128;182911376;315309480;505393880;651994608;688305256
1638227760;2021-11-30 02:16;377103120;217461208;311798320;522231896;688901440;739693104
1638227820;2021-11-30 02:17;352371584;184736728;309889448;531396928;662261032;716133656
1638227880;2021-11-30 02:18;347684696;219628616;323352112;487775032;671036808;707403648
1638227940;2021-11-30 02:19;328796096;211200384;287065784;510384800;615861880;721585184
1638228000;2021-11-30 02:20;304181432;170653480;274159024;512523832;578340456;683177312
1638228060;2021-11-30 02:21;335883352;201607568;275202808;500769000;611086160;702376568
1638228120;2021-11-30 02:22;347765040;216367184;282768896;513699656;630533936;730066840
1638228180;2021-11-30 02:23;335340392;200447960;271292112;481471464;606632504;681919424
1638228240;2021-11-30 02:24;361150384;162688504;274374240;510315256;635524624;673003760
1638228300;2021-11-30 02:25;343859456;195758520;270319656;490399248;614179112;686157768
1638228360;2021-11-30 02:26;405930648;180864216;292883416;476869840;698814064;657734056
1638228420;2021-11-30 02:27;398696128;166840344;280855000;473640640;679551128;640480984
1638228480;2021-11-30 02:28;350958424;188397896;280315904;478938520;631274328;667336416
1638228540;2021-11-30 02:29;363892256;179753000;280431856;480538936;644324112;660291936
1638228600;2021-11-30 02:30;347768400;146090528;281019664;503578352;628788064;649668880
1638228660;2021-11-30 02:31;389661880;167687024;273026504;564834032;662688384;732521056
1638228720;2021-11-30 02:32;361929640;172764760;299534544;560760480;661464184;733525240
1638228780;2021-11-30 02:33;386713560;191352296;280245992;571082584;666959552;762434880
1638228840;2021-11-30 02:34;372396056;169103904;282051216;567577768;654447272;736681672
1638228900;2021-11-30 02:35;372689168;154168240;277829344;564767864;650518512;718936104
1638228960;2021-11-30 02:36;410859328;159545560;289200976;575697184;700060304;735242744
1638229020;2021-11-30 02:37;380666096;164409952;274873176;570556160;655539272;734966112
1638229080;2021-11-30 02:38;364083672;154675840;295255008;558268968;659338680;712944808
1638229140;2021-11-30 02:39;365242168;159991488;276775936;584471808;642018104;744463296
1638229200;2021-11-30 02:40;348327928;162782856;275995672;575709184;624323600;738492040
1638229260;2021-11-30 02:41;419074960;207476520;274683352;598667200;693758312;806143720
1638229320;2021-11-30 02:42;392981992;192632176;270030680;603590528;663012672;796222704
1638229380;2021-11-30 02:43;392493840;160618464;276775456;562415688;669269296;723034152
1638229440;2021-11-30 02:44;410778192;149054848;273958496;545017208;684736688;694072056
1638229500;2021-11-30 02:45;368663392;134156768;269569016;474975024;638232408;609131792
1638229560;2021-11-30 02:46;400127040;184322552;270692872;476032112;670819912;660354664
1638229620;2021-11-30 02:47;381683720;155903144;263886680;469152776;645570400;625055920
1638229680;2021-11-30 02:48;392800848;162212936;274197168;505318128;666998016;667531064
1638229740;2021-11-30 02:49;382838928;152812944;268150000;480442232;650988928;633255176
1638229800;2021-11-30 02:50;407081416;158830824;265599592;477686064;672681008;636516888
1638229860;2021-11-30 02:51;408556912;159629608;120380464;507720680;528937376;667350288
1638229920;2021-11-30 02:52;372920736;153994336;138446464;478523808;511367200;632518144
1638229980;2021-11-30 02:53;363875336;150783016;126641128;479190480;490516464;629973496
1638230040;2021-11-30 02:54;358978808;168657064;125655704;454344936;484634512;623002000
1638230100;2021-11-30 02:55;347607576;153356544;129200208;496798360;476807784;650154904
1638230160;2021-11-30 02:56;419390464;195322960;123107768;497258880;542498232;692581840
1638230220;2021-11-30 02:57;427674008;199900288;112717040;483418504;540391048;683318792
1638230280;2021-11-30 02:58;367291472;204560928;122552208;460687896;489843680;665248824
1638230340;2021-11-30 02:59;398790552;201369096;118834520;472005792;517625072;673374888
1638230400;2021-11-30 03:00;380542672;160944632;115942272;480441368;496484944;641386000
1638230460;2021-11-30 03:01;365909672;244616376;118187168;532444000;484096840;777060376
1638230520;2021-11-30 03:02;386051880;237801072;115270840;505788816;501322720;743589888
1638230580;2021-11-30 03:03;406951968;429334344;117099352;482281888;524051320;911616232
1638230640;2021-11-30 03:04;358635176;220089184;121601328;484302232;480236504;704391416
1638230700;2021-11-30 03:05;394798528;233283768;124855080;491566448;519653608;724850216
1638230760;2021-11-30 03:06;455602112;262452608;115072520;463302768;570674632;725755376
1638230820;2021-11-30 03:07;424061576;257604672;120677424;498527552;544739000;756132224
1638230880;2021-11-30 03:08;395152168;249065656;121199344;480683744;516351512;729749400
1638230940;2021-11-30 03:09;421359024;237027312;118834736;464024944;540193760;701052256
1638231000;2021-11-30 03:10;375838208;215604040;119480024;488421728;495318232;704025768
1638231060;2021-11-30 03:11;409026256;268148392;130622432;539795768;539648688;807944160
1638231120;2021-11-30 03:12;414363232;230566704;120555208;505752528;534918440;736319232
1638231180;2021-11-30 03:13;387456528;234372352;126178312;481172336;513634840;715544688
1638231240;2021-11-30 03:14;350246184;171579728;122999000;467309512;473245184;638889240
1638231300;2021-11-30 03:15;363775760;182405368;120960344;497104800;484736104;679510168
1638231360;2021-11-30 03:16;420672032;187597192;123352248;475654792;544024280;663251984
1638231420;2021-11-30 03:17;494586912;185321272;121372568;492402072;615959480;677723344
1638231480;2021-11-30 03:18;481725120;180602920;119559312;485390056;601284432;665992976
1638231540;2021-11-30 03:19;446324352;175838736;117574824;487163104;563899176;663001840
1638231600;2021-11-30 03:20;423717504;194096488;117941960;529733648;541659464;723830136
1638231660;2021-11-30 03:21;470431200;185080232;116794680;532253848;587225880;717334080
1638231720;2021-11-30 03:22;460162024;185680240;118426392;512062456;578588416;697742696
1638231780;2021-11-30 03:23;462841408;197922144;118518992;465296256;581360400;663218400
1638231840;2021-11-30 03:24;478644152;209659336;117759392;473620744;596403544;683280080
1638231900;2021-11-30 03:25;453671184;203334824;123468776;473903248;577139960;677238072
1638231960;2021-11-30 03:26;522660720;222310920;119733864;455057184;642394584;677368104
1638232020;2021-11-30 03:27;509499584;194481536;112094960;457287704;621594544;651769240
1638232080;2021-11-30 03:28;465422512;185331888;113600160;447436576;579022672;632768464
1638232140;2021-11-30 03:29;479161848;216830088;114972336;495246864;594134184;712076952
1638232200;2021-11-30 03:30;463736352;216754664;112709736;479791688;576446088;696546352
1638232260;2021-11-30 03:31;556367960;251553120;108586480;519396552;664954440;770949672
1638232320;2021-11-30 03:32;524764584;187422632;118778096;569949632;643542680;757372264
1638232380;2021-11-30 03:33;524240496;194859728;115818736;584048600;640059232;778908328
1638232440;2021-11-30 03:34;507240448;209090264;115300328;527653608;622540776;736743872
1638232500;2021-11-30 03:35;514036304;193538336;109078768;517844936;623115072;711383272
1638232560;2021-11-30 03:36;521702192;169502000;110665544;494397344;632367736;663899344
1638232620;2021-11-30 03:37;519000384;172603608;117460816;504260872;636461200;676864480
1638232680;2021-11-30 03:38;496337568;137083304;107500536;569852344;603838104;706935648
1638232740;2021-11-30 03:39;465312632;155799520;107538128;420064240;572850760;575863760
1638232800;2021-11-30 03:40;363318008;147931144;108638824;402101264;471956832;550032408
1638232860;2021-11-30 03:41;424346992;173276048;109744392;422519096;534091384;595795144
1638232920;2021-11-30 03:42;397605328;165879968;110173680;404908360;507779008;570788328
1638232980;2021-11-30 03:43;400976472;164973600;110889744;379575248;511866216;544548848
1638233040;2021-11-30 03:44;405708248;162088160;112560136;423010176;518268384;585098336
1638233100;2021-11-30 03:45;354672728;160609728;112323816;380398872;466996544;541008600
1638233160;2021-11-30 03:46;408252040;172233480;115110472;419029520;523362512;591263000
1638233220;2021-11-30 03:47;392508976;185693336;120675400;478384024;513184376;664077360
1638233280;2021-11-30 03:48;374713944;140055872;116345512;410862432;491059456;550918304
1638233340;2021-11-30 03:49;374397424;163191440;114516984;388888176;488914408;552079616
1638233400;2021-11-30 03:50;356012552;328502064;110397400;402311696;466409952;730813760
1638233460;2021-11-30 03:51;405318784;359333512;109741808;389027744;515060592;748361256
1638233520;2021-11-30 03:52;379819808;346485648;112600248;367678416;492420056;714164064
1638233580;2021-11-30 03:53;343680784;360499480;113826776;389787680;457507560;750287160
1638233640;2021-11-30 03:54;324096328;355800096;114414808;365362600;438511136;721162696
1638233700;2021-11-30 03:55;310552800;379723672;123485336;447927832;434038136;827651504
1638233760;2021-11-30 03:56;382978648;437521856;112234472;405371176;495213120;842893032
1638233820;2021-11-30 03:57;353943720;391335648;120043344;530931544;473987064;922267192
1638233880;2021-11-30 03:58;466946288;403676680;112633248;568396496;579579536;972073176
1638233940;2021-11-30 03:59;485217136;369564032;125813960;435284840;611031096;804848872
1638234000;2021-11-30 04:00;300277440;371851632;122985608;412058232;423263048;783909864
1638234060;2021-11-30 04:01;454205800;478792320;124296952;547447848;578502752;1026240168
1638234120;2021-11-30 04:02;435590264;237288168;121439472;511001416;557029736;748289584
1638234180;2021-11-30 04:03;394218136;265296056;121663888;434015008;515882024;699311064
1638234240;2021-11-30 04:04;358356744;259387464;122032888;405847088;480389632;665234552
1638234300;2021-11-30 04:05;387657872;236262344;123288528;396545352;510946400;632807696
1638234360;2021-11-30 04:06;405332656;256577184;116768832;392715920;522101488;649293104
1638234420;2021-11-30 04:07;403937424;237572240;118470448;518408864;522407872;755981104
1638234480;2021-11-30 04:08;449972600;246956832;119035680;473222696;569008280;720179528
1638234540;2021-11-30 04:09;341123016;218778288;122452288;478266200;463575304;697044488
1638234600;2021-11-30 04:10;308499136;205420552;172073840;465214992;480572976;670635544
1638234660;2021-11-30 04:11;358412592;216803048;172558584;520686936;530971176;737489984
1638234720;2021-11-30 04:12;344737248;221158128;168124248;540848600;512861496;762006728
1638234780;2021-11-30 04:13;328645840;220421184;150510992;452586152;479156832;673007336
1638234840;2021-11-30 04:14;310712184;163435632;157348592;447206488;468060776;610642120
1638234900;2021-11-30 04:15;307623424;152242784;125298176;477267856;432921600;629510640
1638234960;2021-11-30 04:16;366014352;170210920;117452864;432593448;483467216;602804368
1638235020;2021-11-30 04:17;357141904;156676440;114672576;412581192;471814480;569257632
1638235080;2021-11-30 04:18;336522872;146297672;115468792;528450864;451991664;674748536
1638235140;2021-11-30 04:19;326354880;143554432;115153192;393489216;441508072;537043648
1638235200;2021-11-30 04:20;315351472;160550432;111804840;373172112;427156312;533722544
1638235260;2021-11-30 04:21;339510080;148886384;112923728;434732952;452433808;583619336
1638235320;2021-11-30 04:22;333924688;151218728;105174864;428692032;439099552;579910760
1638235380;2021-11-30 04:23;323454176;161482928;111726824;460085904;435181000;621568832
1638235440;2021-11-30 04:24;327543560;151852472;103280440;457074808;430824000;608927280
1638235500;2021-11-30 04:25;317273432;123863624;87055240;494317440;404328672;618181064
1638235560;2021-11-30 04:26;348501712;171325208;93929528;486083952;442431240;657409160
1638235620;2021-11-30 04:27;343352288;158336560;138391488;462135920;481743776;620472480
1638235680;2021-11-30 04:28;319927336;160978760;109790096;401859992;429717432;562838752
1638235740;2021-11-30 04:29;309657896;162079896;107725976;407597752;417383872;569677648
1638235800;2021-11-30 04:30;286283592;152344936;138535128;393488088;424818720;545833024
1638235860;2021-11-30 04:31;345854688;209628568;137947640;442336608;483802328;651965176
1638235920;2021-11-30 04:32;344027744;309338384;137641536;465367552;481669280;774705936
1638235980;2021-11-30 04:33;350409656;177858072;135387496;376243760;485797152;554101832
1638236040;2021-11-30 04:34;356437856;182424896;144459232;407879456;500897088;590304352
1638236100;2021-11-30 04:35;333857112;145308088;156523352;411559968;490380464;556868056
1638236160;2021-11-30 04:36;395488672;216036112;239524360;381408688;635013032;597444800
1638236220;2021-11-30 04:37;379102328;283279424;232025416;378312600;611127744;661592024
1638236280;2021-11-30 04:38;365589728;235316456;230287336;382724792;595877064;618041248
1638236340;2021-11-30 04:39;367828168;161441336;228116472;401144144;595944640;562585480
1638236400;2021-11-30 04:40;331869488;146155232;244050032;395929104;575919520;542084336
1638236460;2021-11-30 04:41;379530832;161102552;232884720;367814888;612415552;528917440
1638236520;2021-11-30 04:42;393347824;162705968;229130080;367220032;622477904;529926000
1638236580;2021-11-30 04:43;368693672;169766688;229520088;348043328;598213760;517810016
1638236640;2021-11-30 04:44;384253976;162122032;234304248;390030336;618558224;552152368
1638236700;2021-11-30 04:45;358926472;181422576;234669808;411683536;593596280;593106112
1638236760;2021-11-30 04:46;415317120;163504176;237266872;406069120;652583992;569573296
1638236820;2021-11-30 04:47;381249872;153088304;232180512;428260312;613430384;581348616
1638236880;2021-11-30 04:48;362891472;159817296;223190216;416728232;586081688;576545528
1638236940;2021-11-30 04:49;367084904;177059456;214856400;445047896;581941304;622107352
1638237000;2021-11-30 04:50;346836000;167844160;188129992;403655128;534965992;571499288
1638237060;2021-11-30 04:51;402413040;185155416;177380760;361804224;579793800;546959640
1638237120;2021-11-30 04:52;385148928;200063488;185770408;415200440;570919336;615263928
1638237180;2021-11-30 04:53;361212064;175953656;179448800;366794672;540660864;542748328
1638237240;2021-11-30 04:54;349380432;168329536;185354456;362777352;534734888;531106888
1638237300;2021-11-30 04:55;333210424;156309464;185297984;366171552;518508408;522481016
1638237360;2021-11-30 04:56;388046136;201831136;179749728;421108712;567795864;622939848
1638237420;2021-11-30 04:57;413945912;202957376;190881136;397592392;604827048;600549768
1638237480;2021-11-30 04:58;366629672;215493528;188959520;407432632;555589192;622926160
1638237540;2021-11-30 04:59;392811376;219815360;174552904;359070608;567364280;578885968
1638237600;2021-11-30 05:00;351759736;182485664;175610736;577200248;527370472;759685912
1638237660;2021-11-30 05:01;416454560;244886736;172774256;661554880;589228816;906441616
1638237720;2021-11-30 05:02;415664816;224452920;177138088;656325736;592802904;880778656
1638237780;2021-11-30 05:03;375800432;224173984;173213280;655631240;549013712;879805224
1638237840;2021-11-30 05:04;374329728;254199264;178785728;619765424;553115456;873964688
1638237900;2021-11-30 05:05;366183824;212749072;180660128;591664736;546843952;804413808
1638237960;2021-11-30 05:06;403486992;215450232;183147560;457810800;586634552;673261032
1638238020;2021-11-30 05:07;401640104;197438120;179930376;435286576;581570480;632724696
1638238080;2021-11-30 05:08;397309736;205332568;175029808;435035640;572339544;640368208
1638238140;2021-11-30 05:09;389289080;196890824;179425360;426300328;568714440;623191152
1638238200;2021-11-30 05:10;349091152;248866376;172586240;420653864;521677392;669520240
1638238260;2021-11-30 05:11;382581632;220153632;177123640;433908760;559705272;654062392
1638238320;2021-11-30 05:12;372138136;190514192;177420344;429561840;549558480;620076032
1638238380;2021-11-30 05:13;397557512;202676920;188456272;403562328;586013784;606239248
1638238440;2021-11-30 05:14;353020024;220077400;225215232;409733576;578235256;629810976
1638238500;2021-11-30 05:15;325325280;146946904;225189352;417698768;550514632;564645672
1638238560;2021-11-30 05:16;308574792;145140584;224153752;385283136;532728544;530423720
1638238620;2021-11-30 05:17;323694392;137407792;232183208;365126576;555877600;502534368
1638238680;2021-11-30 05:18;296476088;143312376;228866592;350376648;525342680;493689024
1638238740;2021-11-30 05:19;313818720;130524040;185422520;368508184;499241240;499032224
1638238800;2021-11-30 05:20;303139736;127513760;178347432;373457232;481487168;500970992
1638238860;2021-11-30 05:21;300603240;124272200;186345328;407990184;486948568;532262384
1638238920;2021-11-30 05:22;289870312;131708056;187027752;467083696;476898064;598791752
1638238980;2021-11-30 05:23;290682208;141043536;194962968;383723352;485645176;524766888
1638239040;2021-11-30 05:24;280176496;126711064;191809744;419716568;471986240;546427632
1638239100;2021-11-30 05:25;273254856;127342088;194248280;403226976;467503136;530569064
1638239160;2021-11-30 05:26;286932928;118086264;204370848;400374056;491303776;518460320
1638239220;2021-11-30 05:27;256599592;154404912;254592728;447558864;511192320;601963776
1638239280;2021-11-30 05:28;268471008;141792632;235281608;458672760;503752616;600465392
1638239340;2021-11-30 05:29;271019824;121922608;257185864;527015248;528205688;648937856
1638239400;2021-11-30 05:30;264756744;118233088;250730776;512051936;515487520;630285024
1638239460;2021-11-30 05:31;285672296;146394496;239809024;464399816;525481320;610794312
1638239520;2021-11-30 05:32;279241240;127947376;245344344;523571136;524585584;651518512
1638239580;2021-11-30 05:33;301658232;125089304;220912448;445286592;522570680;570375896
1638239640;2021-11-30 05:34;286283664;119061248;250424568;454224904;536708232;573286152
1638239700;2021-11-30 05:35;292605544;128934368;262961440;462846944;555566984;591781312
1638239760;2021-11-30 05:36;309551248;155039800;220373712;448605552;529924960;603645352
1638239820;2021-11-30 05:37;301841576;126468192;186799704;473697312;488641280;600165504
1638239880;2021-11-30 05:38;290507760;150089944;197709976;493597864;488217736;643687808
1638239940;2021-11-30 05:39;296823936;166497680;202209720;485728776;499033656;652226456
1638240000;2021-11-30 05:40;264031480;152515656;207267768;511453184;471299248;663968840
1638240060;2021-11-30 05:41;288677296;172888280;190835024;482679784;479512320;655568064
1638240120;2021-11-30 05:42;277812520;176351648;187880792;492538960;465693312;668890608
1638240180;2021-11-30 05:43;274418840;176068272;185231976;498588032;459650816;674656304
1638240240;2021-11-30 05:44;283591272;168219072;187484888;497737048;471076160;665956120
1638240300;2021-11-30 05:45;283432320;180966896;199947960;469098792;483380280;650065688
1638240360;2021-11-30 05:46;313713992;172956784;184619704;459274200;498333696;632230984
1638240420;2021-11-30 05:47;284299656;180663288;187705768;544633840;472005424;725297128
1638240480;2021-11-30 05:48;251556032;209773496;182543024;475875528;434099056;685649024
1638240540;2021-11-30 05:49;263340592;251393704;191117040;478335632;454457632;729729336
1638240600;2021-11-30 05:50;285427496;202380936;187165760;441907136;472593256;644288072
1638240660;2021-11-30 05:51;314794784;193964976;189436096;419990272;504230880;613955248
1638240720;2021-11-30 05:52;297651224;190002640;191323112;425339368;488974336;615342008
1638240780;2021-11-30 05:53;299774800;188523176;189515616;433651520;489290416;622174696
1638240840;2021-11-30 05:54;302947544;193738808;189280072;422703328;492227616;616442136
1638240900;2021-11-30 05:55;288328880;166886728;195830344;409401760;484159224;576288488
1638240960;2021-11-30 05:56;354944336;228418896;201958824;441909968;556903160;670328864
1638241020;2021-11-30 05:57;320261792;225176056;237209208;473072960;557471000;698249016
1638241080;2021-11-30 05:58;335814776;217397432;248186800;472738640;584001576;690136072
1638241140;2021-11-30 05:59;339784656;180523200;216391848;452885304;556176504;633408504
1638241200;2021-11-30 06:00;333316984;180545464;186272176;432328104;519589160;612873568
1638241260;2021-11-30 06:01;381742568;280039088;172210472;420241624;553953040;700280712
1638241320;2021-11-30 06:02;322503032;315128016;177969928;439128200;500472960;754256216
1638241380;2021-11-30 06:03;320772912;265336128;176729040;428819768;497501952;694155896
1638241440;2021-11-30 06:04;298046632;237804792;171819152;417032856;469865784;654837648
1638241500;2021-11-30 06:05;324675608;251670000;178697528;397124640;503373136;648794640
1638241560;2021-11-30 06:06;363431576;273176320;175913584;444615368;539345160;717791688
1638241620;2021-11-30 06:07;314498312;218651608;173433400;587735744;487931712;806387352
1638241680;2021-11-30 06:08;335999072;226596272;171685984;579599368;507685056;806195640
1638241740;2021-11-30 06:09;319498632;216261384;170372752;547360896;489871384;763622280
1638241800;2021-11-30 06:10;288194976;202828904;165624480;562517696;453819456;765346600
1638241860;2021-11-30 06:11;330365816;250817008;180401864;366235248;510767680;617052256
1638241920;2021-11-30 06:12;281021400;198087240;169877680;386600752;450899080;584687992
1638241980;2021-11-30 06:13;289217024;227116208;173893232;396383344;463110256;623499552
1638242040;2021-11-30 06:14;271412704;209765944;170999928;402261680;442412632;612027624
1638242100;2021-11-30 06:15;267919552;186606240;176182864;567076072;444102416;753682312
1638242160;2021-11-30 06:16;310456880;166058408;172664712;427435736;483121592;593494144
1638242220;2021-11-30 06:17;292520136;154957336;176358432;421424560;468878568;576381896
1638242280;2021-11-30 06:18;290543016;154387272;177316256;477891968;467859272;632279240
1638242340;2021-11-30 06:19;274263376;148813056;168139472;432654824;442402848;581467880
1638242400;2021-11-30 06:20;290681184;164760016;185738744;458141568;476419928;622901584
1638242460;2021-11-30 06:21;334145224;148027272;174504704;447754064;508649928;595781336
1638242520;2021-11-30 06:22;293676664;150882288;176894976;415703856;470571640;566586144
1638242580;2021-11-30 06:23;302366352;150513904;171293664;422278520;473660016;572792424
1638242640;2021-11-30 06:24;290731416;126329304;174704464;366022408;465435880;492351712
1638242700;2021-11-30 06:25;283353584;134403824;175445712;446276000;458799296;580679824
1638242760;2021-11-30 06:26;334656448;142206464;175958856;417076184;510615304;559282648
1638242820;2021-11-30 06:27;298523032;151237992;172338304;420576736;470861336;571814728
1638242880;2021-11-30 06:28;287808512;140403296;173462312;398519296;461270824;538922592
1638242940;2021-11-30 06:29;288988424;133015488;174751224;408456072;463739648;541471560
1638243000;2021-11-30 06:30;296676760;164157520;163471032;400086288;460147792;564243808
1638243060;2021-11-30 06:31;295305048;273509848;171697000;403532792;467002048;677042640
1638243120;2021-11-30 06:32;280419560;299851104;167831336;407778128;448250896;707629232
1638243180;2021-11-30 06:33;297878432;236398240;166413072;421246560;464291504;657644800
1638243240;2021-11-30 06:34;269130568;248658792;171758520;387443272;440889088;636102064
1638243300;2021-11-30 06:35;276539896;141741000;172420984;387619464;448960880;529360464
1638243360;2021-11-30 06:36;301468736;143082592;169544864;399399832;471013600;542482424
1638243420;2021-11-30 06:37;275073120;138528352;169774752;388674928;444847872;527203280
1638243480;2021-11-30 06:38;286291016;129965592;176466616;417528152;462757632;547493744
1638243540;2021-11-30 06:39;302562824;140132368;166210552;385447128;468773376;525579496
1638243600;2021-11-30 06:40;252375640;140908168;173857624;402889104;426233264;543797272
1638243660;2021-11-30 06:41;313497040;163587216;166797392;380880264;480294432;544467480
1638243720;2021-11-30 06:42;271802328;139895296;175864352;882470976;447666680;1022366272
1638243780;2021-11-30 06:43;283525968;144847224;168767568;716297512;452293536;861144736
1638243840;2021-11-30 06:44;276920584;123198552;170843368;685379456;447763952;808578008
1638243900;2021-11-30 06:45;264503176;122999104;176920040;689542232;441423216;812541336
1638243960;2021-11-30 06:46;302438048;130996616;175624600;706626680;478062648;837623296
1638244020;2021-11-30 06:47;259151008;132331592;171762232;759158808;430913240;891490400
1638244080;2021-11-30 06:48;277176008;142949456;177510392;960828600;454686400;1103778056
1638244140;2021-11-30 06:49;270077440;133057312;165251744;750111800;435329184;883169112
1638244200;2021-11-30 06:50;287211744;148488464;173976656;824272856;461188400;972761320
1638244260;2021-11-30 06:51;286409032;151315184;169348696;732376520;455757728;883691704
1638244320;2021-11-30 06:52;252530976;144572392;166488120;363263408;419019096;507835800
1638244380;2021-11-30 06:53;246899200;142684352;170582608;352661160;417481808;495345512
1638244440;2021-11-30 06:54;229334616;128715464;170369136;348770040;399703752;477485504
1638244500;2021-11-30 06:55;207723904;125899840;173508624;381768288;381232528;507668128
1638244560;2021-11-30 06:56;287011184;132534592;170161904;383981944;457173088;516516536
1638244620;2021-11-30 06:57;273684856;137767848;171204208;386081688;444889064;523849536
1638244680;2021-11-30 06:58;282912008;167149128;177065960;402761752;459977968;569910880
1638244740;2021-11-30 06:59;268971504;161563296;175556856;394025152;444528360;555588448
1638244800;2021-11-30 07:00;249492544;144324528;170839136;402860072;420331680;547184600
1638244860;2021-11-30 07:01;335509744;261161056;173625120;413173064;509134864;674334120
1638244920;2021-11-30 07:02;356460952;239187384;173183936;440971296;529644888;680158680
1638244980;2021-11-30 07:03;336211952;253478048;170380768;401747272;506592720;655225320
1638245040;2021-11-30 07:04;349658552;223761128;222300512;402010768;571959064;625771896
1638245100;2021-11-30 07:05;311899016;208774184;226986992;416932952;538886008;625707136
1638245160;2021-11-30 07:06;324233632;256986992;212361968;434083896;536595600;691070888
1638245220;2021-11-30 07:07;296898576;234790336;162659480;596635112;459558056;831425448
1638245280;2021-11-30 07:08;283759648;207881256;181479528;491159872;465239176;699041128
1638245340;2021-11-30 07:09;306577120;227425896;176469968;427810400;483047088;655236296
1638245400;2021-11-30 07:10;260559272;215616328;168342592;421637552;428901864;637253880
1638245460;2021-11-30 07:11;291864840;197461208;170890376;421603568;462755216;619064776
1638245520;2021-11-30 07:12;287191888;188585488;171328464;386036152;458520352;574621640
1638245580;2021-11-30 07:13;282534592;196708456;174088896;399695544;456623488;596404000
1638245640;2021-11-30 07:14;297700464;207920216;172387784;397431920;470088248;605352136
1638245700;2021-11-30 07:15;258199192;158375288;192395504;398749640;450594696;557124928
1638245760;2021-11-30 07:16;319041216;156372096;171579496;517376208;490620712;673748304
1638245820;2021-11-30 07:17;295893000;141138376;168546600;441419752;464439600;582558128
1638245880;2021-11-30 07:18;280381160;159577440;172580504;422268608;452961664;581846048
1638245940;2021-11-30 07:19;284744712;155118584;173664280;425904712;458408992;581023296
1638246000;2021-11-30 07:20;270752880;164716944;171057728;433934120;441810608;598651064
1638246060;2021-11-30 07:21;304876472;191663008;172040616;421555088;476917088;613218096
1638246120;2021-11-30 07:22;310060336;182146152;171485584;421430328;481545920;603576480
1638246180;2021-11-30 07:23;303905296;165525376;180408464;435552184;484313760;601077560
1638246240;2021-11-30 07:24;307743752;154630480;200904320;403179096;508648072;557809576
1638246300;2021-11-30 07:25;318949968;158511400;228790528;419989880;547740496;578501280
1638246360;2021-11-30 07:26;311670256;176481544;181241432;406961896;492911688;583443440
1638246420;2021-11-30 07:27;305113104;158586224;184984600;419421616;490097704;578007840
1638246480;2021-11-30 07:28;297251624;159644080;180572144;423138600;477823768;582782680
1638246540;2021-11-30 07:29;268762656;134136224;184170560;401405480;452933216;535541704
1638246600;2021-11-30 07:30;321050984;136478152;188508592;403537808;509559576;540015960
1638246660;2021-11-30 07:31;320257920;152595952;180291384;384043104;500549304;536639056
1638246720;2021-11-30 07:32;331325304;122260072;181609728;412744736;512935032;535004808
1638246780;2021-11-30 07:33;308137456;138225832;220658320;444352512;528795776;582578344
1638246840;2021-11-30 07:34;334793728;158302192;173852656;362650400;508646384;520952592
1638246900;2021-11-30 07:35;350138880;143417728;170135168;365269344;520274048;508687072
1638246960;2021-11-30 07:36;382242552;170025488;166761576;383879464;549004128;553904952
1638247020;2021-11-30 07:37;308882536;159029960;169342512;400586232;478225048;559616192
1638247080;2021-11-30 07:38;280833016;140247152;201999256;429453344;482832272;569700496
1638247140;2021-11-30 07:39;291715616;131473944;210129832;401373264;501845448;532847208
1638247200;2021-11-30 07:40;256884024;130448392;213394296;366141064;470278320;496589456
1638247260;2021-11-30 07:41;333650832;162345016;171669976;402122808;505320808;564467824
1638247320;2021-11-30 07:42;340746248;151579688;184856392;417917368;525602640;569497056
1638247380;2021-11-30 07:43;324440904;147832936;222320384;401508280;546761288;549341216
1638247440;2021-11-30 07:44;347788848;150764712;210585008;428744072;558373856;579508784
1638247500;2021-11-30 07:45;290362456;173380248;188940920;448716856;479303376;622097104
1638247560;2021-11-30 07:46;360015944;148925240;180652888;482116480;540668832;631041720
1638247620;2021-11-30 07:47;319464688;145680848;176346120;476672840;495810808;622353688
1638247680;2021-11-30 07:48;321284448;189854152;172503784;448007528;493788232;637861680
1638247740;2021-11-30 07:49;290965552;175879440;175010928;488571272;465976480;664450712
1638247800;2021-11-30 07:50;283937256;156066096;173427168;459311688;457364424;615377784
1638247860;2021-11-30 07:51;297333416;172201320;181909080;411897960;479242496;584099280
1638247920;2021-11-30 07:52;307695048;140116608;172021784;430992864;479716832;571109472
1638247980;2021-11-30 07:53;313476920;158936816;181174672;422480624;494651592;581417440
1638248040;2021-11-30 07:54;284540584;193845912;178707416;428679288;463248000;622525200
1638248100;2021-11-30 07:55;286600136;164825856;174107904;498763136;460708040;663588992
1638248160;2021-11-30 07:56;394702344;192295120;196301688;481545408;591004032;673840528
1638248220;2021-11-30 07:57;395402312;149457048;175249608;389585344;570651920;539042392
1638248280;2021-11-30 07:58;325734216;166520344;183265456;417108112;508999672;583628456
1638248340;2021-11-30 07:59;320904696;198728176;176972704;447055024;497877400;645783200
1638248400;2021-11-30 08:00;349780744;176839160;126578184;448694104;476358928;625533264
1638248460;2021-11-30 08:01;380278296;290001992;97754696;419416208;478032992;709418200
1638248520;2021-11-30 08:02;372584696;261841216;91790544;433992752;464375240;695833968
1638248580;2021-11-30 08:03;370466960;279876296;107082736;438843136;477549696;718719432
1638248640;2021-11-30 08:04;358058528;244120584;98495824;419791280;456554352;663911864
1638248700;2021-11-30 08:05;352598016;247320720;95632064;408244200;448230080;655564920
1638248760;2021-11-30 08:06;350012432;232722488;95070336;381634592;445082768;614357080
1638248820;2021-11-30 08:07;330904064;225197560;89683568;390862616;420587632;616060176
1638248880;2021-11-30 08:08;336013600;212262760;89186592;408057760;425200192;620320520
1638248940;2021-11-30 08:09;335491456;252071296;93904248;428484712;429395704;680556008
1638249000;2021-11-30 08:10;317992656;251189520;94421928;435175920;412414584;686365440
1638249060;2021-11-30 08:11;347500240;265056224;96634008;420645728;444134248;685701952
1638249120;2021-11-30 08:12;334586672;220903512;105003456;398218528;439590128;619122040
1638249180;2021-11-30 08:13;351839544;244027240;93651440;405657400;445490984;649684640
1638249240;2021-11-30 08:14;333607832;261885576;96239568;393115336;429847400;655000912
1638249300;2021-11-30 08:15;329175048;239979472;110017240;408685840;439192288;648665312
1638249360;2021-11-30 08:16;364534072;185776288;97686568;444463256;462220640;630239544
1638249420;2021-11-30 08:17;389214832;165164192;105554224;425877656;494769056;591041848
1638249480;2021-11-30 08:18;391004600;179372272;99240776;387009352;490245376;566381624
1638249540;2021-11-30 08:19;384320456;209292992;79135200;407941864;463455656;617234856
1638249600;2021-11-30 08:20;391440832;181386512;84015384;415262304;475456216;596648816
1638249660;2021-11-30 08:21;392723064;173277200;113094424;459768072;505817488;633045272
1638249720;2021-11-30 08:22;356404712;217339128;108758672;437121448;465163384;654460576
1638249780;2021-11-30 08:23;352445592;206780000;90401168;394138328;442846760;600918328
1638249840;2021-11-30 08:24;348981360;191278400;99157128;426585264;448138488;617863664
1638249900;2021-11-30 08:25;347501656;188508176;95987528;420285120;443489184;608793296
1638249960;2021-11-30 08:26;402119416;199047208;72005368;424361728;474124784;623408936
1638250020;2021-11-30 08:27;372982696;207308952;71894408;478196536;444877104;685505488
1638250080;2021-11-30 08:28;395145424;221705336;71065920;480361664;466211344;702067000
1638250140;2021-11-30 08:29;382159088;188061264;71810848;431111408;453969936;619172672
1638250200;2021-11-30 08:30;362731256;194950264;84768976;416989368;447500232;611939632
1638250260;2021-11-30 08:31;421524280;185545352;76112840;464476712;497637120;650022064
1638250320;2021-11-30 08:32;381239952;190649280;79655008;411972688;460894960;602621968
1638250380;2021-11-30 08:33;395878016;191949448;88860816;453907784;484738832;645857232
1638250440;2021-11-30 08:34;454542960;196733600;98346384;417868704;552889344;614602304
1638250500;2021-11-30 08:35;497250480;170717968;106459624;440475768;603710104;611193736
1638250560;2021-11-30 08:36;551510704;174328272;99166120;434894704;650676824;609222976
1638250620;2021-11-30 08:37;481827072;173060736;87334416;375381032;569161488;548441768
1638250680;2021-11-30 08:38;491626976;190569760;92001776;505245968;583628752;695815728
1638250740;2021-11-30 08:39;477753976;182477840;90391992;448548248;568145968;631026088
1638250800;2021-11-30 08:40;449820088;177778360;86117232;430542752;535937320;608321112
1638250860;2021-11-30 08:41;534030168;191021784;79196704;432090496;613226872;623112280
1638250920;2021-11-30 08:42;484619152;184731208;70799824;453017840;555418976;637749048
1638250980;2021-11-30 08:43;545690384;177206120;75520504;476532344;621210888;653738464
1638251040;2021-11-30 08:44;504319032;183141816;72128256;472676008;576447288;655817824
1638251100;2021-11-30 08:45;526504640;208869672;94189000;461635904;620693640;670505576
1638251160;2021-11-30 08:46;531757808;187125928;87927272;448346744;619685080;635472672
1638251220;2021-11-30 08:47;442975400;195289312;77988536;474668816;520963936;669958128
1638251280;2021-11-30 08:48;460432896;170349688;79062184;502696512;539495080;673046200
1638251340;2021-11-30 08:49;472671832;178727984;82735256;477126288;555407088;655854272
1638251400;2021-11-30 08:50;399025888;202019768;89672624;511058592;488698512;713078360
1638251460;2021-11-30 08:51;497645904;197972296;95615152;440828280;593261056;638800576
1638251520;2021-11-30 08:52;465401440;181348352;90804024;468627024;556205464;649975376
1638251580;2021-11-30 08:53;474820968;190660600;99243280;488439672;574064248;679100272
1638251640;2021-11-30 08:54;495079776;219101720;109227328;391651096;604307104;610752816
1638251700;2021-11-30 08:55;363800576;186209016;97440416;403357200;461240992;589566216
1638251760;2021-11-30 08:56;477299760;244203872;98060968;436422912;575360728;680626784
1638251820;2021-11-30 08:57;452421968;255633736;100333664;414261744;552755632;669895480
1638251880;2021-11-30 08:58;485824736;236473488;103136696;405340272;588961432;641813760
1638251940;2021-11-30 08:59;493237528;205979192;108937048;411787496;602174576;617766688
1638252000;2021-11-30 09:00;458287928;205593176;99431152;479581688;557719080;685174864
1638252060;2021-11-30 09:01;564170288;341868600;99790896;460837280;663961184;802705880
1638252120;2021-11-30 09:02;507339968;318447344;129085984;438296992;636425952;756744336
1638252180;2021-11-30 09:03;468671304;296531768;142203528;433871000;610874832;730402768
1638252240;2021-11-30 09:04;472588664;304876240;103320928;407650904;575909592;712527144
1638252300;2021-11-30 09:05;464274176;295968712;101635368;394793984;565909544;690762696
1638252360;2021-11-30 09:06;526624568;369254176;93232912;391749664;619857480;761003840
1638252420;2021-11-30 09:07;461916720;313317576;99974728;413123648;561891448;726441224
1638252480;2021-11-30 09:08;460581856;325028024;104229960;416643848;564811816;741671872
1638252540;2021-11-30 09:09;528139544;325985000;100078904;407365720;628218448;733350720
1638252600;2021-11-30 09:10;488818864;314433456;95892464;392132000;584711328;706565456
1638252660;2021-11-30 09:11;569171848;336172664;115896464;405125896;685068312;741298560
1638252720;2021-11-30 09:12;477839256;302078472;102110064;436460456;579949320;738538928
1638252780;2021-11-30 09:13;512658744;297841160;104815336;393530720;617474080;691371880
1638252840;2021-11-30 09:14;506345536;274358144;102351576;412856736;608697112;687214880
1638252900;2021-11-30 09:15;468739880;248956296;116552432;427120864;585292312;676077160
1638252960;2021-11-30 09:16;563356400;270299368;92299264;463542648;655655664;733842016
1638253020;2021-11-30 09:17;530340584;267149080;99107496;444811992;629448080;711961072
1638253080;2021-11-30 09:18;526256976;286786736;143988024;445702416;670245000;732489152
1638253140;2021-11-30 09:19;476294032;287414912;138167496;438831232;614461528;726246144
1638253200;2021-11-30 09:20;458699416;258679728;100856376;428187992;559555792;686867720
1638253260;2021-11-30 09:21;525053192;336229416;104163712;454832320;629216904;791061736
1638253320;2021-11-30 09:22;509451984;262520744;102945488;441948672;612397472;704469416
1638253380;2021-11-30 09:23;499847400;291279896;103152528;420190912;602999928;711470808
1638253440;2021-11-30 09:24;478922296;288958048;98389232;478032296;577311528;766990344
1638253500;2021-11-30 09:25;482950184;262369592;95525128;459414184;578475312;721783776
1638253560;2021-11-30 09:26;570362280;293620824;105691192;418361880;676053472;711982704
1638253620;2021-11-30 09:27;538521232;266067472;101850504;452575184;640371736;718642656
1638253680;2021-11-30 09:28;539622576;330968256;104523888;444656824;644146464;775625080
1638253740;2021-11-30 09:29;495260568;288616136;99993832;525363040;595254400;813979176
1638253800;2021-11-30 09:30;446984688;352445872;92808456;455812032;539793144;808257904
1638253860;2021-11-30 09:31;505977704;297181120;140911840;486360008;646889544;783541128
1638253920;2021-11-30 09:32;467561048;306761400;99283800;441197160;566844848;747958560
1638253980;2021-11-30 09:33;487381320;258571304;104400544;422972720;591781864;681544024
1638254040;2021-11-30 09:34;486076464;258596952;124823152;449400080;610899616;707997032
1638254100;2021-11-30 09:35;479414952;243684648;130096392;439904264;609511344;683588912
1638254160;2021-11-30 09:36;525800456;251975592;156300712;458802648;682101168;710778240
1638254220;2021-11-30 09:37;468863104;245967768;147780832;427666968;616643936;673634736
1638254280;2021-11-30 09:38;464652368;271204112;113005136;427249248;577657504;698453360
1638254340;2021-11-30 09:39;501146272;253848272;111730216;473638288;612876488;727486560
1638254400;2021-11-30 09:40;432514456;255049872;116600120;446499512;549114576;701549384
1638254460;2021-11-30 09:41;546489448;312303992;112734536;418498656;659223984;730802648
1638254520;2021-11-30 09:42;542920496;263957280;108705448;444833592;651625944;708790872
1638254580;2021-11-30 09:43;475433192;264146064;116109288;419210888;591542480;683356952
1638254640;2021-11-30 09:44;477054064;259085392;101507776;449794808;578561840;708880200
1638254700;2021-11-30 09:45;436856448;266538160;113836480;392770384;550692928;659308544
1638254760;2021-11-30 09:46;519268472;277457248;147447264;429994808;666715736;707452056
1638254820;2021-11-30 09:47;513009880;277580392;129285960;452455784;642295840;730036176
1638254880;2021-11-30 09:48;523899872;280273552;161299928;467045464;685199800;747319016
1638254940;2021-11-30 09:49;506392832;273301160;117158504;449076096;623551336;722377256
1638255000;2021-11-30 09:50;471904392;249799128;119164440;489154184;591068832;738953312
1638255060;2021-11-30 09:51;563082272;261755360;111608096;542232224;674690368;803987584
1638255120;2021-11-30 09:52;518333408;279762104;123516648;465927600;641850056;745689704
1638255180;2021-11-30 09:53;494477752;258048584;126217680;460219344;620695432;718267928
1638255240;2021-11-30 09:54;496024920;241205872;117684952;480664792;613709872;721870664
1638255300;2021-11-30 09:55;468307040;257509168;113764168;526177304;582071208;783686472
1638255360;2021-11-30 09:56;562068392;278063056;120619640;508869800;682688032;786932856
1638255420;2021-11-30 09:57;544869232;242013264;115807632;482780120;660676864;724793384
1638255480;2021-11-30 09:58;510874752;298716408;114118424;439336304;624993176;738052712
1638255540;2021-11-30 09:59;572628880;288847888;107739528;504017224;680368408;792865112
1638255600;2021-11-30 10:00;522087808;293632832;112182416;569294608;634270224;862927440
1638255660;2021-11-30 10:01;608512160;415571056;149169304;640858360;757681464;1056429416
1638255720;2021-11-30 10:02;547866376;403471800;115497664;724538600;663364040;1128010400
1638255780;2021-11-30 10:03;545120056;404575512;129365520;685465336;674485576;1090040848
1638255840;2021-11-30 10:04;565349184;423958648;151391960;696818408;716741144;1120777056
1638255900;2021-11-30 10:05;576066424;410557376;137499760;665233832;713566184;1075791208
1638255960;2021-11-30 10:06;588236472;440910712;130367304;684427024;718603776;1125337736
1638256020;2021-11-30 10:07;514110648;376232248;112666456;622958256;626777104;999190504
1638256080;2021-11-30 10:08;531871720;387231624;126431192;639365592;658302912;1026597216
1638256140;2021-11-30 10:09;583034144;416736216;123061392;697874592;706095536;1114610808
1638256200;2021-11-30 10:10;519558920;405019400;119874048;657910912;639432968;1062930312
1638256260;2021-11-30 10:11;597125952;403052984;134233248;682886864;731359200;1085939848
1638256320;2021-11-30 10:12;530755664;392244512;132217360;645131896;662973024;1037376408
1638256380;2021-11-30 10:13;542850472;354182320;132387656;597175224;675238128;951357544
1638256440;2021-11-30 10:14;550456696;341243936;133014432;566528496;683471128;907772432
1638256500;2021-11-30 10:15;539406624;322824584;143069808;586007376;682476432;908831960
1638256560;2021-11-30 10:16;630596992;347041888;155040728;610807976;785637720;957849864
1638256620;2021-11-30 10:17;603277624;339390144;144068808;575631064;747346432;915021208
1638256680;2021-11-30 10:18;599459792;326190040;146641984;606646144;746101776;932836184
1638256740;2021-11-30 10:19;558995312;327754496;138818464;583071584;697813776;910826080
1638256800;2021-11-30 10:20;542485184;317522152;143394264;613326664;685879448;930848816
1638256860;2021-11-30 10:21;659004360;338005480;150068832;633314432;809073192;971319912
1638256920;2021-11-30 10:22;618937768;351722568;134702576;487894880;753640344;839617448
1638256980;2021-11-30 10:23;658450464;305687112;139066632;551332864;797517096;857019976
1638257040;2021-11-30 10:24;623873192;306411608;136721344;544719408;760594536;851131016
1638257100;2021-11-30 10:25;625899816;295276432;141839584;566833992;767739400;862110424
1638257160;2021-11-30 10:26;659482584;321800904;145407512;571807224;804890096;893608128
1638257220;2021-11-30 10:27;668804704;335617360;139995784;543376424;808800488;878993784
1638257280;2021-11-30 10:28;654164288;324101016;138553728;544228856;792718016;868329872
1638257340;2021-11-30 10:29;609967152;372452672;129218632;519813128;739185784;892265800
1638257400;2021-11-30 10:30;591687896;336286960;146038984;519653680;737726880;855940640
1638257460;2021-11-30 10:31;675486680;343622880;127533592;524991776;803020272;868614656
1638257520;2021-11-30 10:32;611465248;374006584;127218376;527858120;738683624;901864704
1638257580;2021-11-30 10:33;597691712;345584128;134613464;499799912;732305176;845384040
1638257640;2021-11-30 10:34;591706712;306685544;135295208;538152240;727001920;844837784
1638257700;2021-11-30 10:35;620824480;324976240;138756576;547873968;759581056;872850208
1638257760;2021-11-30 10:36;785352512;317862936;149044352;569301120;934396864;887164056
1638257820;2021-11-30 10:37;653648048;449490264;160678952;608235392;814327000;1057725656
1638257880;2021-11-30 10:38;607406352;392953472;156276448;558958312;763682800;951911784
1638257940;2021-11-30 10:39;626420696;381284048;181966408;548069624;808387104;929353672
1638258000;2021-11-30 10:40;565343072;306023720;203711984;532245704;769055056;838269424
1638258060;2021-11-30 10:41;691612024;353429752;223202544;577399272;914814568;930829024
1638258120;2021-11-30 10:42;619790984;318015800;176431072;589915080;796222056;907930880
1638258180;2021-11-30 10:43;640216848;323218968;160889832;538337768;801106680;861556736
1638258240;2021-11-30 10:44;659797608;327390376;161081008;567454040;820878616;894844416
1638258300;2021-11-30 10:45;585283240;329874912;154234128;563253912;739517368;893128824
1638258360;2021-11-30 10:46;678550496;436019768;153422080;546048288;831972576;982068056
1638258420;2021-11-30 10:47;690832288;417010808;156130432;531242384;846962720;948253192
1638258480;2021-11-30 10:48;583262560;357653888;151085160;586524576;734347720;944178464
1638258540;2021-11-30 10:49;611694592;340280464;157010208;582012344;768704800;922292808
1638258600;2021-11-30 10:50;546087088;359371792;151211848;587363224;697298936;946735016
1638258660;2021-11-30 10:51;625389280;422804984;166158568;617799760;791547848;1040604744
1638258720;2021-11-30 10:52;598286344;336545200;200447344;650148864;798733688;986694064
1638258780;2021-11-30 10:53;682556816;348619672;198232488;587609272;880789304;936228944
1638258840;2021-11-30 10:54;640109288;333219184;169573344;618016672;809682632;951235856
1638258900;2021-11-30 10:55;619167328;356071072;166645584;606940288;785812912;963011360
1638258960;2021-11-30 10:56;660430664;397335248;164966928;580065664;825397592;977400912
1638259020;2021-11-30 10:57;634521472;454448576;168198416;723323992;802719888;1177772568
1638259080;2021-11-30 10:58;676396768;390084544;156761568;668703672;833158336;1058788216
1638259140;2021-11-30 10:59;664284592;356263616;161934272;655586768;826218864;1011850384
1638259200;2021-11-30 11:00;646065792;352948192;166587832;645724960;812653624;998673152
1638259260;2021-11-30 11:01;815870992;454128288;175997928;642687048;991868920;1096815336
1638259320;2021-11-30 11:02;757717656;546611696;164548720;639907608;922266376;1186519304
1638259380;2021-11-30 11:03;767535552;473149672;159095760;555254848;926631312;1028404520
1638259440;2021-11-30 11:04;741752288;415092248;159141904;646688368;900894192;1061780616
1638259500;2021-11-30 11:05;720050712;442951296;163130320;600526664;883181032;1043477960
1638259560;2021-11-30 11:06;838633152;429000728;173924872;591234272;1012558024;1020235000
1638259620;2021-11-30 11:07;788291104;421529248;204108216;630075816;992399320;1051605064
1638259680;2021-11-30 11:08;787674632;461068360;179508696;642942424;967183328;1104010784
1638259740;2021-11-30 11:09;795450552;449789280;149201360;584135160;944651912;1033924440
1638259800;2021-11-30 11:10;759991864;435708344;156946024;673417304;916937888;1109125648
1638259860;2021-11-30 11:11;848390104;503648696;172295688;652730040;1020685792;1156378736
1638259920;2021-11-30 11:12;784650320;520076672;164016232;575973984;948666552;1096050656
1638259980;2021-11-30 11:13;755971120;442807216;149822008;588682584;905793128;1031489800
1638260040;2021-11-30 11:14;757083528;376387680;147076672;555633928;904160200;932021608
1638260100;2021-11-30 11:15;712538536;427697544;147549736;542159552;860088272;969857096
1638260160;2021-11-30 11:16;851687248;506446960;149131208;591939928;1000818456;1098386888
1638260220;2021-11-30 11:17;822755464;451978576;156670720;584059688;979426184;1036038264
1638260280;2021-11-30 11:18;771800904;413786960;163381272;629793176;935182176;1043580136
1638260340;2021-11-30 11:19;817584472;409984808;153259824;616386800;970844296;1026371608
1638260400;2021-11-30 11:20;827734160;418912448;158946848;664355608;986681008;1083268056
1638260460;2021-11-30 11:21;833851880;406035072;160238720;616076728;994090600;1022111800
1638260520;2021-11-30 11:22;805973496;387478688;160854416;638153752;966827912;1025632440
1638260580;2021-11-30 11:23;809259640;383425512;190923000;591485824;1000182640;974911336
1638260640;2021-11-30 11:24;844136448;366719608;205186384;595518608;1049322832;962238216
1638260700;2021-11-30 11:25;848366216;375962064;167542992;612606880;1015909208;988568944
1638260760;2021-11-30 11:26;951155328;382688480;146171648;599350872;1097326976;982039352
1638260820;2021-11-30 11:27;804161496;370460016;154077920;586261424;958239416;956721440
1638260880;2021-11-30 11:28;752476952;392043136;166692144;557470536;919169096;949513672
1638260940;2021-11-30 11:29;796640720;492580176;141129416;565977720;937770136;1058557896
1638261000;2021-11-30 11:30;803034256;430220320;148323520;592993584;951357776;1023213904
1638261060;2021-11-30 11:31;847103808;458548120;144382152;629094864;991485960;1087642984
1638261120;2021-11-30 11:32;885358096;453090136;144854200;640600176;1030212296;1093690312
1638261180;2021-11-30 11:33;838277592;465067536;164675408;723344728;1002953000;1188412264
1638261240;2021-11-30 11:34;823344504;390123936;167886208;714761472;991230712;1104885408
1638261300;2021-11-30 11:35;797616960;378464416;176537680;590934760;974154640;969399176
1638261360;2021-11-30 11:36;939040144;405625888;163743512;635582472;1102783656;1041208360
1638261420;2021-11-30 11:37;913015952;383314432;185176352;631873136;1098192304;1015187568
1638261480;2021-11-30 11:38;861736256;378474656;192446472;644466672;1054182728;1022941328
1638261540;2021-11-30 11:39;805694992;375118312;173122808;672441192;978817800;1047559504
1638261600;2021-11-30 11:40;710252312;363595032;196799288;659869320;907051600;1023464352
1638261660;2021-11-30 11:41;851491216;381603240;163835144;624162768;1015326360;1005766008
1638261720;2021-11-30 11:42;822004136;380091728;176326128;620601136;998330264;1000692864
1638261780;2021-11-30 11:43;762035448;396068512;162593448;661873192;924628896;1057941704
1638261840;2021-11-30 11:44;740242920;425691616;181872024;603396448;922114944;1029088064
1638261900;2021-11-30 11:45;749933616;395688192;177050904;630436200;926984520;1026124392
1638261960;2021-11-30 11:46;830192560;411304160;174519304;634286592;1004711864;1045590752
1638262020;2021-11-30 11:47;824885232;385884328;185365536;667654040;1010250768;1053538368
1638262080;2021-11-30 11:48;765601616;420083488;170065824;666973960;935667440;1087057448
1638262140;2021-11-30 11:49;732655616;415826928;165115208;669471392;897770824;1085298320
1638262200;2021-11-30 11:50;741077600;377734264;161841408;673382928;902919008;1051117192
1638262260;2021-11-30 11:51;832869280;506650888;157281384;792205040;990150664;1298855928
1638262320;2021-11-30 11:52;770354480;512223672;159418552;630174488;929773032;1142398160
1638262380;2021-11-30 11:53;711665768;497075880;203457920;683592112;915123688;1180667992
1638262440;2021-11-30 11:54;745256912;440325416;181693088;667387696;926950000;1107713112
1638262500;2021-11-30 11:55;682419136;511661296;169512448;706203704;851931584;1217865000
1638262560;2021-11-30 11:56;774632936;588108464;176948048;686232200;951580984;1274340664
1638262620;2021-11-30 11:57;763713392;460963848;176079440;635310024;939792832;1096273872
1638262680;2021-11-30 11:58;837774344;463322416;184126088;657704704;1021900432;1121027120
1638262740;2021-11-30 11:59;864340640;483148040;196963792;707410856;1061304432;1190558896
1638262800;2021-11-30 12:00;757989488;432626216;189062792;642812312;947052280;1075438528
1638262860;2021-11-30 12:01;869158168;564196456;172376304;690558192;1041534472;1254754648
1638262920;2021-11-30 12:02;835713280;571300128;156096744;628846152;991810024;1200146280
1638262980;2021-11-30 12:03;851962776;567582208;200100176;645780176;1052062952;1213362384
1638263040;2021-11-30 12:04;747338888;685315424;171414416;601607048;918753304;1286922472
1638263100;2021-11-30 12:05;725006208;554320168;172993416;686248424;897999624;1240568592
1638263160;2021-11-30 12:06;790435688;585842000;152014048;680677336;942449736;1266519336
1638263220;2021-11-30 12:07;758272224;567548120;167350400;712592928;925622624;1280141048
1638263280;2021-11-30 12:08;764069696;586927128;215596320;706640208;979666016;1293567336
1638263340;2021-11-30 12:09;761436816;611491008;171752296;658784880;933189112;1270275888
1638263400;2021-11-30 12:10;767765304;521307496;157782760;654717064;925548064;1176024560
1638263460;2021-11-30 12:11;796865792;634354672;163995160;694968360;960860952;1329323032
1638263520;2021-11-30 12:12;760530912;492121280;168117424;726598640;928648336;1218719920
1638263580;2021-11-30 12:13;783210584;506912280;164255544;710816544;947466128;1217728824
1638263640;2021-11-30 12:14;786977992;491552936;161408560;649960848;948386552;1141513784
1638263700;2021-11-30 12:15;753084568;463048632;168828128;688737248;921912696;1151785880
1638263760;2021-11-30 12:16;821776584;482797000;146155240;727355304;967931824;1210152304
1638263820;2021-11-30 12:17;793110416;471168848;153444336;657672576;946554752;1128841424
1638263880;2021-11-30 12:18;725046104;457178568;155625944;643924352;880672048;1101102920
1638263940;2021-11-30 12:19;739539160;507866568;154679896;624056640;894219056;1131923208
1638264000;2021-11-30 12:20;761347552;455262488;157924656;600664472;919272208;1055926960
1638264060;2021-11-30 12:21;780206768;494141200;174998776;612163560;955205544;1106304760
1638264120;2021-11-30 12:22;773467488;505821360;230845312;560483136;1004312800;1066304496
1638264180;2021-11-30 12:23;752123160;450617704;205442384;573003280;957565544;1023620984
1638264240;2021-11-30 12:24;751188504;449991080;210488744;606769696;961677248;1056760776
1638264300;2021-11-30 12:25;738464552;404322712;168523960;608786808;906988512;1013109520
1638264360;2021-11-30 12:26;831343232;486972144;168022736;673930432;999365968;1160902576
1638264420;2021-11-30 12:27;802448048;453450312;161305152;653291504;963753200;1106741816
1638264480;2021-11-30 12:28;754502800;448488392;155571888;685704680;910074688;1134193072
1638264540;2021-11-30 12:29;725754488;488635440;168299848;618743904;894054336;1107379344
1638264600;2021-11-30 12:30;649552976;440485864;160189504;683986832;809742480;1124472696
1638264660;2021-11-30 12:31;767898256;434937496;151332408;674877856;919230664;1109815352
1638264720;2021-11-30 12:32;701422264;447040184;150855880;667636608;852278144;1114676792
1638264780;2021-11-30 12:33;697285544;511236192;168861520;724856592;866147064;1236092784
1638264840;2021-11-30 12:34;703157088;427954440;206743120;723996592;909900208;1151951032
1638264900;2021-11-30 12:35;722289752;441337768;220511184;709715232;942800936;1151053000
1638264960;2021-11-30 12:36;808508240;488860344;139998248;687019648;948506488;1175879992
1638265020;2021-11-30 12:37;739403464;495870488;161790056;683966152;901193520;1179836640
1638265080;2021-11-30 12:38;693401208;477688616;174017952;735570064;867419160;1213258680
1638265140;2021-11-30 12:39;748706960;520360464;149050032;674211184;897756992;1194571648
1638265200;2021-11-30 12:40;690631240;442566800;149538800;684413040;840170040;1126979840
1638265260;2021-11-30 12:41;802951200;451759096;146983568;663693448;949934768;1115452544
1638265320;2021-11-30 12:42;765365392;460240640;139244384;645688784;904609776;1105929424
1638265380;2021-11-30 12:43;742440456;497368336;149016784;663061688;891457240;1160430024
1638265440;2021-11-30 12:44;816725520;521616688;139282648;664592144;956008168;1186208832
1638265500;2021-11-30 12:45;698709960;596117848;139083472;717302752;837793432;1313420600
1638265560;2021-11-30 12:46;776054656;542579096;128194576;640512936;904249232;1183092032
1638265620;2021-11-30 12:47;688737600;445810584;139979168;641922328;828716768;1087732912
1638265680;2021-11-30 12:48;752291528;532961040;142884552;631474816;895176080;1164435856
1638265740;2021-11-30 12:49;715133152;540038184;160650928;647391432;875784080;1187429616
1638265800;2021-11-30 12:50;748144896;538258256;154909296;657471736;903054192;1195729992
1638265860;2021-11-30 12:51;797861512;506571872;149146144;714144360;947007656;1220716232
1638265920;2021-11-30 12:52;772891832;498336456;152792984;651193880;925684816;1149530336
1638265980;2021-11-30 12:53;700922160;499680696;193993784;641537544;894915944;1141218240
1638266040;2021-11-30 12:54;712942848;548133968;182370208;659584448;895313056;1207718416
1638266100;2021-11-30 12:55;701488320;525639400;167586104;605715352;869074424;1131354752
1638266160;2021-11-30 12:56;772820112;539377328;162410464;648749488;935230576;1188126816
1638266220;2021-11-30 12:57;725043952;546506048;160181392;652497512;885225344;1199003560
1638266280;2021-11-30 12:58;709256984;564468000;147267744;661857104;856524728;1226325104
1638266340;2021-11-30 12:59;759297784;486218336;161689376;785223040;920987160;1271441376
1638266400;2021-11-30 13:00;673708008;427427872;153322488;771815560;827030496;1199243432
1638266460;2021-11-30 13:01;764204176;620141808;164839288;703075944;929043464;1323217752
1638266520;2021-11-30 13:02;715057392;775535432;151842200;675241440;866899592;1450776872
1638266580;2021-11-30 13:03;753256432;700701944;155815504;667905848;909071936;1368607792
1638266640;2021-11-30 13:04;754095336;587212312;166447368;590515984;920542704;1177728296
1638266700;2021-11-30 13:05;707405952;553590200;165749904;614566720;873155856;1168156920
1638266760;2021-11-30 13:06;779967120;566941048;162904888;662666080;942872008;1229607128
1638266820;2021-11-30 13:07;738656712;533116232;204634232;663140112;943290944;1196256344
1638266880;2021-11-30 13:08;764401168;624961344;169655112;651247624;934056280;1276208968
1638266940;2021-11-30 13:09;807383592;588530144;159923856;669976696;967307448;1258506840
1638267000;2021-11-30 13:10;694252368;441283280;151714432;647830784;845966800;1089114064
1638267060;2021-11-30 13:11;828493416;552058952;148821224;675952560;977314640;1228011512
1638267120;2021-11-30 13:12;772902928;587824776;151714520;701148280;924617448;1288973056
1638267180;2021-11-30 13:13;725884656;451896312;149662544;649016000;875547200;1100912312
1638267240;2021-11-30 13:14;801525360;487233520;152432432;746591016;953957792;1233824536
1638267300;2021-11-30 13:15;742464640;500492136;154964928;684930768;897429568;1185422904
1638267360;2021-11-30 13:16;839409312;532937816;157507704;614810248;996917016;1147748064
1638267420;2021-11-30 13:17;773694288;529775112;148781712;674939776;922476000;1204714888
1638267480;2021-11-30 13:18;756516512;538728200;150572136;660033952;907088648;1198762152
1638267540;2021-11-30 13:19;762091072;541051040;146523440;691384976;908614512;1232436016
1638267600;2021-11-30 13:20;770810776;539087168;141065408;644433056;911876184;1183520224
1638267660;2021-11-30 13:21;792379488;485331872;144524976;618579320;936904464;1103911192
1638267720;2021-11-30 13:22;824719488;515725880;192385432;632362264;1017104920;1148088144
1638267780;2021-11-30 13:23;850677392;518967488;149400456;638888016;1000077848;1157855504
1638267840;2021-11-30 13:24;790954240;453542912;162968480;681865776;953922720;1135408688
1638267900;2021-11-30 13:25;813900320;513592152;152273992;814789880;966174312;1328382032
1638267960;2021-11-30 13:26;883043688;517730136;152840064;760640664;1035883752;1278370800
1638268020;2021-11-30 13:27;809015624;467037720;146428800;687710008;955444424;1154747728
1638268080;2021-11-30 13:28;826172528;511330304;154801872;682851432;980974400;1194181736
1638268140;2021-11-30 13:29;761804200;478809496;145822344;665492328;907626544;1144301824
1638268200;2021-11-30 13:30;791636392;466217024;150157904;617308984;941794296;1083526008
1638268260;2021-11-30 13:31;751591744;447283288;147122088;605928400;898713832;1053211688
1638268320;2021-11-30 13:32;746373808;508017856;148652240;693879448;895026048;1201897304
1638268380;2021-11-30 13:33;844651344;486238000;154796608;708306328;999447952;1194544328
1638268440;2021-11-30 13:34;826517776;499606416;145911176;610532464;972428952;1110138880
1638268500;2021-11-30 13:35;765736096;449722664;152428080;687910192;918164176;1137632856
1638268560;2021-11-30 13:36;832504440;564426136;144342960;730164424;976847400;1294590560
1638268620;2021-11-30 13:37;756120056;513125240;151974816;655841328;908094872;1168966568
1638268680;2021-11-30 13:38;636779336;441118088;129441008;665511344;766220344;1106629432
1638268740;2021-11-30 13:39;657679992;464666488;136664272;643041472;794344264;1107707960
1638268800;2021-11-30 13:40;704640256;454550472;115425344;681719592;820065600;1136270064
1638268860;2021-11-30 13:41;802226160;564051920;122035408;643233648;924261568;1207285568
1638268920;2021-11-30 13:42;752083968;684508936;110351656;887194560;862435624;1571703496
1638268980;2021-11-30 13:43;751812664;192345688;122155800;1043218512;873968464;1235564200
1638269040;2021-11-30 13:44;735529640;45883648;127409400;987734712;862939040;1033618360
1638269100;2021-11-30 13:45;687131656;99806792;128495040;798134328;815626696;897941120
1638269160;2021-11-30 13:46;788894080;431992992;117943184;788706376;906837264;1220699368
1638269220;2021-11-30 13:47;804163408;685360720;119639856;757314056;923803264;1442674776
1638269280;2021-11-30 13:48;776155296;664096464;116386456;707145064;892541752;1371241528
1638269340;2021-11-30 13:49;767072592;696655760;110388360;727267640;877460952;1423923400
1638269400;2021-11-30 13:50;714781760;577115064;117874848;805684136;832656608;1382799200
1638269460;2021-11-30 13:51;779437024;696135768;124426416;749367960;903863440;1445503728
1638269520;2021-11-30 13:52;697212136;703631888;193741296;1029354040;890953432;1732985928
1638269580;2021-11-30 13:53;728143496;379367040;144725216;1412099216;872868712;1791466256
1638269640;2021-11-30 13:54;721559616;117747536;121865648;744810776;843425264;862558312
1638269700;2021-11-30 13:55;743846256;670690792;132170544;685717968;876016800;1356408760
1638269760;2021-11-30 13:56;765780888;585059760;153254840;1366973224;919035728;1952032984
1638269820;2021-11-30 13:57;668813400;23765208;137595072;1442645992;806408472;1466411200
1638269880;2021-11-30 13:58;704200344;17593968;168075464;1516743656;872275808;1534337624
1638269940;2021-11-30 13:59;721387160;18492664;196192192;1466013072;917579352;1484505736
1638270000;2021-11-30 14:00;714949440;12586744;138232768;1143118896;853182208;1155705640
1638270060;2021-11-30 14:01;850949288;14201640;154166768;1191514272;1005116056;1205715912
1638270120;2021-11-30 14:02;706705712;155687784;135971240;859450216;842676952;1015138000
1638270180;2021-11-30 14:03;702703328;391156152;138816072;935968640;841519400;1327124792
1638270240;2021-11-30 14:04;733681680;356238224;126390808;886590728;860072488;1242828952
1638270300;2021-11-30 14:05;748435640;374931056;120175616;961481216;868611256;1336412272
1638270360;2021-11-30 14:06;821932168;305189872;135309848;1191335312;957242016;1496525184
1638270420;2021-11-30 14:07;844939648;24789040;136152352;961770472;981092000;986559512
1638270480;2021-11-30 14:08;883448168;424507496;140770968;913591984;1024219136;1338099480
1638270540;2021-11-30 14:09;825823232;660249960;153439968;904721408;979263200;1564971368
1638270600;2021-11-30 14:10;863767488;561269632;148611616;731870880;1012379104;1293140512
1638270660;2021-11-30 14:11;888496824;661118848;134445168;802886520;1022941992;1464005368
1638270720;2021-11-30 14:12;863786272;685118664;140540392;725466480;1004326664;1410585144
1638270780;2021-11-30 14:13;962906480;649961808;142247800;774354216;1105154280;1424316024
1638270840;2021-11-30 14:14;864448984;582974600;167429920;732281352;1031878904;1315255952
1638270900;2021-11-30 14:15;804913360;588406752;142403720;785588248;947317080;1373995000
1638270960;2021-11-30 14:16;888958752;655100608;147438144;857764400;1036396896;1512865008
1638271020;2021-11-30 14:17;801519336;686483600;139918544;792919480;941437880;1479403080
1638271080;2021-11-30 14:18;799101080;718465936;139189944;708813712;938291024;1427279648
1638271140;2021-11-30 14:19;758022344;663232768;139270592;732871048;897292936;1396103816
1638271200;2021-11-30 14:20;703889592;605797064;142180880;880812584;846070472;1486609648
1638271260;2021-11-30 14:21;749984104;704732152;146012536;711328504;895996640;1416060656
1638271320;2021-11-30 14:22;724234384;619042944;145600472;801114928;869834856;1420157872
1638271380;2021-11-30 14:23;747576976;592366408;142199944;869249056;889776920;1461615464
1638271440;2021-11-30 14:24;747192816;675166112;134141752;703577616;881334568;1378743728
1638271500;2021-11-30 14:25;734596672;616930288;143704392;723182088;878301064;1340112376
1638271560;2021-11-30 14:26;839648352;702686040;134358200;703402688;974006552;1406088728
1638271620;2021-11-30 14:27;744480728;659837664;134721360;687296336;879202088;1347134000
1638271680;2021-11-30 14:28;759665872;672144552;133895792;780898752;893561664;1453043304
1638271740;2021-11-30 14:29;755647256;724040336;126542184;653606432;882189440;1377646768
1638271800;2021-11-30 14:30;704690616;629474912;124633704;770613880;829324320;1400088792
1638271860;2021-11-30 14:31;794946208;737234128;131617936;747635672;926564144;1484869800
1638271920;2021-11-30 14:32;777932424;667255224;125367808;670357432;903300232;1337612656
1638271980;2021-11-30 14:33;782002496;727435456;134364928;698667488;916367424;1426102944
1638272040;2021-11-30 14:34;759888656;670576520;122568992;675931840;882457648;1346508360
1638272100;2021-11-30 14:35;787777816;646668816;126737752;691663480;914515568;1338332296
1638272160;2021-11-30 14:36;820729120;730136544;125569952;674917992;946299072;1405054536
1638272220;2021-11-30 14:37;803084456;734577696;121393376;687301088;924477832;1421878784
1638272280;2021-11-30 14:38;789573696;711175080;140257832;719779376;929831528;1430954456
1638272340;2021-11-30 14:39;841428136;713073256;144427808;702146328;985855944;1415219584
1638272400;2021-11-30 14:40;724909392;661115576;125824976;750557160;850734368;1411672736
1638272460;2021-11-30 14:41;894840592;783361592;159799784;776705152;1054640376;1560066744
1638272520;2021-11-30 14:42;835812392;773871032;149205128;764439336;985017520;1538310368
1638272580;2021-11-30 14:43;714787072;724092456;144279280;702936744;859066352;1427029200
1638272640;2021-11-30 14:44;744777240;667283904;151343376;705172792;896120616;1372456696
1638272700;2021-11-30 14:45;738297408;609609696;143341680;810707848;881639088;1420317544
1638272760;2021-11-30 14:46;793815368;406229680;131925288;763969952;925740656;1170199632
1638272820;2021-11-30 14:47;763391368;381304008;135435568;809108816;898826936;1190412824
1638272880;2021-11-30 14:48;788760864;416113648;142113872;789740408;930874736;1205854056
1638272940;2021-11-30 14:49;730632808;384199600;143489000;780996432;874121808;1165196032
1638273000;2021-11-30 14:50;693465432;419712936;154066096;809039272;847531528;1228752208
1638273060;2021-11-30 14:51;785340976;720212344;162568128;841814504;947909104;1562026848
1638273120;2021-11-30 14:52;707577936;758319008;161700016;885912400;869277952;1644231408
1638273180;2021-11-30 14:53;693899280;668095240;156191072;780573568;850090352;1448668808
1638273240;2021-11-30 14:54;733843064;634534168;143141504;801131528;876984568;1435665696
1638273300;2021-11-30 14:55;708616648;693767976;150503512;783464568;859120160;1477232544
1638273360;2021-11-30 14:56;768769808;726202064;136496192;807115704;905266000;1533317768
1638273420;2021-11-30 14:57;737218456;660040224;136653776;759325912;873872232;1419366136
1638273480;2021-11-30 14:58;713357976;718945000;141702792;725914280;855060768;1444859280
1638273540;2021-11-30 14:59;711605832;656916656;138227368;758118456;849833200;1415035112
1638273600;2021-11-30 15:00;672131768;614249656;132903744;761123728;805035512;1375373384
1638273660;2021-11-30 15:01;756722816;710581448;127130944;812525504;883853760;1523106952
1638273720;2021-11-30 15:02;737708240;787894184;137622952;782749936;875331192;1570644120
1638273780;2021-11-30 15:03;790522312;672866608;138101880;717372648;928624192;1390239256
1638273840;2021-11-30 15:04;796661160;715410960;132567888;707127528;929229048;1422538488
1638273900;2021-11-30 15:05;768834856;683068568;142515392;812879192;911350248;1495947760
1638273960;2021-11-30 15:06;806719384;710689800;188042224;779736096;994761608;1490425896
1638274020;2021-11-30 15:07;757787656;685857144;192928880;850150440;950716536;1536007584
1638274080;2021-11-30 15:08;815696816;786682360;144674208;831882176;960371024;1618564536
1638274140;2021-11-30 15:09;860859640;723266840;156614304;804613848;1017473944;1527880688
1638274200;2021-11-30 15:10;762065680;816927888;138040048;811524960;900105728;1628452848
1638274260;2021-11-30 15:11;913792624;769538888;137953800;743433664;1051746424;1512972552
1638274320;2021-11-30 15:12;857971192;932507984;142287736;757980424;1000258928;1690488408
1638274380;2021-11-30 15:13;801297880;735887304;137695432;716181808;938993312;1452069112
1638274440;2021-11-30 15:14;699915512;681593448;136920448;749864968;836835960;1431458416
1638274500;2021-11-30 15:15;692183032;726228608;149043936;719371544;841226968;1445600152
1638274560;2021-11-30 15:16;744490216;722583512;131091856;758860280;875582072;1481443792
1638274620;2021-11-30 15:17;805397704;833810792;122183968;761817696;927581672;1595628488
1638274680;2021-11-30 15:18;835793376;765786752;130865584;673348808;966658960;1439135560
1638274740;2021-11-30 15:19;758411072;697416544;119443232;749870792;877854304;1447287336
1638274800;2021-11-30 15:20;670969496;587273288;167431456;782755896;838400952;1370029184
1638274860;2021-11-30 15:21;811035000;631650488;132416984;763583568;943451984;1395234056
1638274920;2021-11-30 15:22;783465888;699979096;111588872;716070960;895054760;1416050056
1638274980;2021-11-30 15:23;748341632;682853448;133571128;715623904;881912760;1398477352
1638275040;2021-11-30 15:24;689457432;563097296;148931896;699985648;838389328;1263082944
1638275100;2021-11-30 15:25;672126344;637939464;125233504;762427256;797359848;1400366720
1638275160;2021-11-30 15:26;832809656;576386608;122827000;786863664;955636656;1363250272
1638275220;2021-11-30 15:27;800088472;616712424;115680920;721231904;915769392;1337944328
1638275280;2021-11-30 15:28;770929408;563300952;136061616;735438624;906991024;1298739576
1638275340;2021-11-30 15:29;707642536;668720512;126745096;685771000;834387632;1354491512
1638275400;2021-11-30 15:30;662204880;566471264;134909792;668817856;797114672;1235289120
1638275460;2021-11-30 15:31;793671616;670517376;129005576;591401480;922677192;1261918856
1638275520;2021-11-30 15:32;739823120;722487840;134633816;570865688;874456936;1293353528
1638275580;2021-11-30 15:33;715595824;636347144;134172744;694345728;849768568;1330692872
1638275640;2021-11-30 15:34;864753128;638160984;116414656;663297528;981167784;1301458512
1638275700;2021-11-30 15:35;804619256;676462000;126411280;690683536;931030536;1367145536
1638275760;2021-11-30 15:36;930350016;683290728;142548696;667119552;1072898712;1350410280
1638275820;2021-11-30 15:37;846383160;663268696;171714688;692447104;1018097848;1355715800
1638275880;2021-11-30 15:38;853120328;740577928;171145984;701601688;1024266312;1442179616
1638275940;2021-11-30 15:39;753900792;637005800;128167344;742321400;882068136;1379327200
1638276000;2021-11-30 15:40;766695152;658809136;125699280;752646800;892394432;1411455936
1638276060;2021-11-30 15:41;801528376;665393696;122015528;722598880;923543904;1387992576
1638276120;2021-11-30 15:42;779892776;668958088;131732816;724365568;911625592;1393323656
1638276180;2021-11-30 15:43;743026704;658294272;139115216;704352416;882141920;1362646688
1638276240;2021-11-30 15:44;779563544;595657208;132024496;746644144;911588040;1342301352
1638276300;2021-11-30 15:45;774254968;601381632;143678000;803274720;917932968;1404656352
1638276360;2021-11-30 15:46;817414888;672131664;150922440;663728544;968337328;1335860208
1638276420;2021-11-30 15:47;720580232;619972920;168930464;742817736;889510696;1362790656
1638276480;2021-11-30 15:48;784357160;733408192;132783112;789893992;917140272;1523302184
1638276540;2021-11-30 15:49;728024536;660897752;125862888;733934440;853887424;1394832192
1638276600;2021-11-30 15:50;727769096;683125872;127785024;784131752;855554120;1467257624
1638276660;2021-11-30 15:51;814314080;699738624;172649232;824017240;986963312;1523755864
1638276720;2021-11-30 15:52;757275336;625337920;153134584;716071912;910409920;1341409832
1638276780;2021-11-30 15:53;754558320;353628888;112248688;735083864;866807008;1088712752
1638276840;2021-11-30 15:54;740964384;388038848;145755824;722446688;886720208;1110485536
1638276900;2021-11-30 15:55;682147728;325451440;163131384;686980848;845279112;1012432288
1638276960;2021-11-30 15:56;702216656;375328584;138967416;705039728;841184072;1080368312
1638277020;2021-11-30 15:57;681389920;758219248;122421800;731575248;803811720;1489794496
1638277080;2021-11-30 15:58;700397432;626600312;123781568;728785168;824179000;1355385480
1638277140;2021-11-30 15:59;752215040;580724376;131713528;779493336;883928568;1360217712
1638277200;2021-11-30 16:00;718487384;693832136;131869824;823946696;850357208;1517778832
1638277260;2021-11-30 16:01;765719240;763907968;162132848;747698880;927852088;1511606848
1638277320;2021-11-30 16:02;738896888;766788344;132334984;754073032;871231872;1520861376
1638277380;2021-11-30 16:03;731388072;743440264;131916128;681805976;863304200;1425246240
1638277440;2021-11-30 16:04;778390144;727122840;134205016;657531136;912595160;1384653976
1638277500;2021-11-30 16:05;706272680;734687360;122216576;858796584;828489256;1593483944
1638277560;2021-11-30 16:06;788470224;669112576;138144424;698051592;926614648;1367164168
1638277620;2021-11-30 16:07;815416368;836795288;127753600;721533384;943169968;1558328672
1638277680;2021-11-30 16:08;757004528;775256432;124401768;707250224;881406296;1482506656
1638277740;2021-11-30 16:09;818249824;765403472;132332936;712733920;950582760;1478137392
1638277800;2021-11-30 16:10;783182480;769651568;125387728;710789608;908570208;1480441176
1638277860;2021-11-30 16:11;862889480;722141312;122856400;735672416;985745880;1457813728
1638277920;2021-11-30 16:12;830954120;787559728;124446824;730596040;955400944;1518155768
1638277980;2021-11-30 16:13;820261448;698979208;128820536;758611240;949081984;1457590448
1638278040;2021-11-30 16:14;788583088;586042568;126491152;802478424;915074240;1388520992
1638278100;2021-11-30 16:15;762741168;326109480;127948552;738604680;890689720;1064714160
1638278160;2021-11-30 16:16;989971832;551584664;117214544;735660456;1107186376;1287245120
1638278220;2021-11-30 16:17;963221496;696283344;113844848;677472600;1077066344;1373755944
1638278280;2021-11-30 16:18;954558576;675455504;119860224;645440232;1074418800;1320895736
1638278340;2021-11-30 16:19;905842456;652432784;139412344;700767648;1045254800;1353200432
1638278400;2021-11-30 16:20;763413672;688713960;152926912;671502864;916340584;1360216824
1638278460;2021-11-30 16:21;848202296;687226376;131641160;684227960;979843456;1371454336
1638278520;2021-11-30 16:22;809656048;707128640;127719816;682675680;937375864;1389804320
1638278580;2021-11-30 16:23;853291336;710047360;129270792;779972640;982562128;1490020000
1638278640;2021-11-30 16:24;891530208;564237736;120455144;678603376;1011985352;1242841112
1638278700;2021-11-30 16:25;793682032;524749088;121696752;681254840;915378784;1206003928
1638278760;2021-11-30 16:26;888096152;757182720;128885840;750445208;1016981992;1507627928
1638278820;2021-11-30 16:27;838693104;724303800;136424872;657270368;975117976;1381574168
1638278880;2021-11-30 16:28;805083880;548373064;143636896;716248784;948720776;1264621848
1638278940;2021-11-30 16:29;729111176;635023048;140980312;737792576;870091488;1372815624
1638279000;2021-11-30 16:30;773484296;674514880;134732944;737565600;908217240;1412080480
1638279060;2021-11-30 16:31;860915408;818918360;131973760;690633024;992889168;1509551384
1638279120;2021-11-30 16:32;762085560;640738680;153010008;736810504;915095568;1377549184
1638279180;2021-11-30 16:33;792695752;800142160;154615320;712395320;947311072;1512537480
1638279240;2021-11-30 16:34;737111184;532148360;170748776;654588144;907859960;1186736504
1638279300;2021-11-30 16:35;758242384;407881696;189282456;626859344;947524840;1034741040
1638279360;2021-11-30 16:36;763291608;427388400;142060432;669948128;905352040;1097336528
1638279420;2021-11-30 16:37;745936728;427826248;141691696;808589864;887628424;1236416112
1638279480;2021-11-30 16:38;769243816;507394600;152276128;626914936;921519944;1134309536
1638279540;2021-11-30 16:39;739059904;385018400;154296936;674026712;893356840;1059045112
1638279600;2021-11-30 16:40;698280592;364140336;143178784;619479896;841459376;983620232
1638279660;2021-11-30 16:41;765116520;414587264;137929856;645367792;903046376;1059955056
1638279720;2021-11-30 16:42;693604736;353326232;145968296;671974704;839573032;1025300936
1638279780;2021-11-30 16:43;694487216;300002520;141662088;657888464;836149304;957890984
1638279840;2021-11-30 16:44;703157976;339631712;143040088;706637536;846198064;1046269248
1638279900;2021-11-30 16:45;714010528;317068808;143675616;732380720;857686144;1049449528
1638279960;2021-11-30 16:46;728983568;386706600;137508496;714265128;866492064;1100971728
1638280020;2021-11-30 16:47;720561928;421060192;131296944;815138216;851858872;1236198408
1638280080;2021-11-30 16:48;700732592;441656320;137574768;787930688;838307360;1229587008
1638280140;2021-11-30 16:49;684872944;393313920;140416712;794972480;825289656;1188286400
1638280200;2021-11-30 16:50;655798080;465903304;152490616;707767048;808288696;1173670352
1638280260;2021-11-30 16:51;726621256;322301232;131108288;774759912;857729544;1097061144
1638280320;2021-11-30 16:52;669411688;343163400;146953088;664739880;816364776;1007903280
1638280380;2021-11-30 16:53;665983992;317040760;114136112;689886960;780120104;1006927720
1638280440;2021-11-30 16:54;681568360;366811560;126358968;653735560;807927328;1020547120
1638280500;2021-11-30 16:55;659676280;331132760;131388520;679483672;791064800;1010616432
1638280560;2021-11-30 16:56;753746720;466019888;112634480;628257240;866381200;1094277128
1638280620;2021-11-30 16:57;737319248;401845304;117659512;656087288;854978760;1057932592
1638280680;2021-11-30 16:58;691311824;338274792;110111464;605541224;801423288;943816016
1638280740;2021-11-30 16:59;644039128;323300624;110460672;532788232;754499800;856088856
1638280800;2021-11-30 17:00;632923808;331016232;123471320;618529768;756395128;949546000
1638280860;2021-11-30 17:01;740719688;405105264;126049312;611374344;866769000;1016479608
1638280920;2021-11-30 17:02;633141304;413165240;137110016;577827168;770251320;990992408
1638280980;2021-11-30 17:03;660117016;410989544;160740800;598997728;820857816;1009987272
1638281040;2021-11-30 17:04;666242936;403648040;125721600;580468200;791964536;984116240
1638281100;2021-11-30 17:05;658077472;413884888;131575272;585143584;789652744;999028472
1638281160;2021-11-30 17:06;686635024;427360328;173114688;631091464;859749712;1058451792
1638281220;2021-11-30 17:07;674048336;406500672;168288824;618049224;842337160;1024549896
1638281280;2021-11-30 17:08;645779744;395838408;153349328;642009752;799129072;1037848160
1638281340;2021-11-30 17:09;683594752;456229272;117455464;642934464;801050216;1099163736
1638281400;2021-11-30 17:10;658499800;400853248;177024720;608948192;835524520;1009801440
1638281460;2021-11-30 17:11;724047248;449846504;133678784;624100336;857726032;1073946840
1638281520;2021-11-30 17:12;726091184;424893384;140812120;583754936;866903304;1008648320
1638281580;2021-11-30 17:13;656023320;377821856;138136200;624019032;794159520;1001840888
1638281640;2021-11-30 17:14;636884288;373327768;133248472;600205120;770132760;973532888
1638281700;2021-11-30 17:15;648798832;361220864;132309632;605831344;781108464;967052208
1638281760;2021-11-30 17:16;742004208;395722384;133562048;700486968;875566256;1096209352
1638281820;2021-11-30 17:17;740841472;333173960;126967152;615276808;867808624;948450768
1638281880;2021-11-30 17:18;729676472;331095208;151768536;640723296;881445008;971818504
1638281940;2021-11-30 17:19;711018296;392142880;165915032;619580072;876933328;1011722952
1638282000;2021-11-30 17:20;674609816;326505592;144367160;704059152;818976976;1030564744
1638282060;2021-11-30 17:21;722317808;344329640;145017896;619931856;867335704;964261496
1638282120;2021-11-30 17:22;683803600;343556800;120904512;637602720;804708112;981159520
1638282180;2021-11-30 17:23;700875048;421174352;127251160;718457920;828126208;1139632272
1638282240;2021-11-30 17:24;683351352;421563112;138594224;677467032;821945576;1099030144
1638282300;2021-11-30 17:25;658103312;338642296;128595320;686993776;786698632;1025636072
1638282360;2021-11-30 17:26;791797472;351171264;120398128;668198936;912195600;1019370200
1638282420;2021-11-30 17:27;703375896;340135216;116907032;664149016;820282928;1004284232
1638282480;2021-11-30 17:28;691720672;341699384;122087848;673000664;813808520;1014700048
1638282540;2021-11-30 17:29;645992912;285594560;120929240;654439552;766922152;940034112
1638282600;2021-11-30 17:30;667088472;349995712;123696472;650616744;790784944;1000612456
1638282660;2021-11-30 17:31;714234896;368680712;117734120;646800768;831969016;1015481480
1638282720;2021-11-30 17:32;686479672;339231872;119436768;646036664;805916440;985268536
1638282780;2021-11-30 17:33;675473416;326716752;124068120;741997056;799541536;1068713808
1638282840;2021-11-30 17:34;705855672;348584448;152371624;655866912;858227296;1004451360
1638282900;2021-11-30 17:35;669123808;302989240;133584024;667401800;802707832;970391040
1638282960;2021-11-30 17:36;739948656;343537576;119983800;606269816;859932456;949807392
1638283020;2021-11-30 17:37;714006968;373297520;124870792;589562280;838877760;962859800
1638283080;2021-11-30 17:38;648343424;338665968;128212288;556895296;776555712;895561264
1638283140;2021-11-30 17:39;655479200;375184384;142372592;564397632;797851792;939582016
1638283200;2021-11-30 17:40;618072840;312724192;138640192;624270448;756713032;936994640
1638283260;2021-11-30 17:41;718408248;382622112;141305928;575261544;859714176;957883656
1638283320;2021-11-30 17:42;675087824;364318544;132462776;563224128;807550600;927542672
1638283380;2021-11-30 17:43;686329720;339587456;132950040;656849352;819279760;996436808
1638283440;2021-11-30 17:44;660914176;367571984;129621080;624551840;790535256;992123824
1638283500;2021-11-30 17:45;674529568;325597520;135480424;700636256;810009992;1026233776
1638283560;2021-11-30 17:46;781770568;345721016;149687232;709856200;931457800;1055577216
1638283620;2021-11-30 17:47;715092168;328411008;135351336;736870392;850443504;1065281400
1638283680;2021-11-30 17:48;782488928;392659568;129398168;669219536;911887096;1061879104
1638283740;2021-11-30 17:49;719781264;384451336;155343592;655892848;875124856;1040344184
1638283800;2021-11-30 17:50;652852224;278947808;144225120;618510944;797077344;897458752
1638283860;2021-11-30 17:51;744283608;327733296;128217320;624491288;872500928;952224584
1638283920;2021-11-30 17:52;736738224;307365328;135309032;609432392;872047256;916797720
1638283980;2021-11-30 17:53;705074496;331410936;140100008;615302424;845174504;946713360
1638284040;2021-11-30 17:54;679693496;369160600;141067888;594503904;820761384;963664504
1638284100;2021-11-30 17:55;649973824;271218912;140934160;621315640;790907984;892534552
1638284160;2021-11-30 17:56;699204048;330237912;126998784;603767152;826202832;934005064
1638284220;2021-11-30 17:57;734607808;337172800;135779968;675626272;870387776;1012799072
1638284280;2021-11-30 17:58;701378016;350957488;133953824;699555080;835331840;1050512568
1638284340;2021-11-30 17:59;700176760;266530280;138076296;696394320;838253056;962924600
1638284400;2021-11-30 18:00;721994328;293270592;138447344;718924816;860441672;1012195408
1638284460;2021-11-30 18:01;714147816;413024960;134587960;659004296;848735776;1072029256
1638284520;2021-11-30 18:02;713333008;373765712;132905320;637131800;846238328;1010897512
1638284580;2021-11-30 18:03;649273784;342928176;143039872;674935136;792313656;1017863312
1638284640;2021-11-30 18:04;627624528;340576144;142071176;653529208;769695704;994105352
1638284700;2021-11-30 18:05;663885960;353883480;143527480;615746752;807413440;969630232
1638284760;2021-11-30 18:06;663986920;327945864;139640544;677664376;803627464;1005610240
1638284820;2021-11-30 18:07;681415400;382177752;134103552;654334376;815518952;1036512128
1638284880;2021-11-30 18:08;595665272;344760712;124210184;617195960;719875456;961956672
1638284940;2021-11-30 18:09;655574720;348014376;116566168;606917872;772140888;954932248
1638285000;2021-11-30 18:10;657041368;321444000;118401208;716339712;775442576;1037783712
1638285060;2021-11-30 18:11;729321592;363657960;118858576;665567200;848180168;1029225160
1638285120;2021-11-30 18:12;656671256;352472848;120630416;604791640;777301672;957264488
1638285180;2021-11-30 18:13;640473608;322187008;119082216;662796576;759555824;984983584
1638285240;2021-11-30 18:14;667648320;269638072;116309392;575222064;783957712;844860136
1638285300;2021-11-30 18:15;616206480;263757240;122206016;645229416;738412496;908986656
1638285360;2021-11-30 18:16;701608688;327376336;110862840;570901888;812471528;898278224
1638285420;2021-11-30 18:17;631041712;278003048;117609792;568924928;748651504;846927976
1638285480;2021-11-30 18:18;633731840;254853376;114913384;583036728;748645224;837890104
1638285540;2021-11-30 18:19;647155536;256923864;116705672;585503432;763861208;842427296
1638285600;2021-11-30 18:20;634343024;274030856;114983760;580894592;749326784;854925448
1638285660;2021-11-30 18:21;731747280;311165664;115783464;589416576;847530744;900582240
1638285720;2021-11-30 18:22;666862872;238704808;112507720;595688000;779370592;834392808
1638285780;2021-11-30 18:23;674936672;264109424;119840120;645323664;794776792;909433088
1638285840;2021-11-30 18:24;646797640;276759408;105335728;613793304;752133368;890552712
1638285900;2021-11-30 18:25;615388880;254929952;113708440;621069296;729097320;875999248
1638285960;2021-11-30 18:26;745549040;269511312;108099920;591475384;853648960;860986696
1638286020;2021-11-30 18:27;676219208;260570976;120548160;589353488;796767368;849924464
1638286080;2021-11-30 18:28;647700376;242462496;115708816;577027168;763409192;819489664
1638286140;2021-11-30 18:29;647041392;254868040;110822504;582956040;757863896;837824080
1638286200;2021-11-30 18:30;586591520;269796896;96912504;607160640;683504024;876957536
1638286260;2021-11-30 18:31;686152000;330381336;111314920;677869936;797466920;1008251272
1638286320;2021-11-30 18:32;678713056;308176400;107834192;657873368;786547248;966049768
1638286380;2021-11-30 18:33;655048600;293415456;101697256;662276440;756745856;955691896
1638286440;2021-11-30 18:34;607586136;284679656;106340984;660636952;713927120;945316608
1638286500;2021-11-30 18:35;631640632;297928392;103707472;560777256;735348104;858705648
1638286560;2021-11-30 18:36;731175136;342293480;104726896;607698488;835902032;949991968
1638286620;2021-11-30 18:37;655840704;302322248;113920728;569636064;769761432;871958312
1638286680;2021-11-30 18:38;641212432;298869808;110629024;575251448;751841456;874121256
1638286740;2021-11-30 18:39;663615744;282054456;106712960;561831104;770328704;843885560
1638286800;2021-11-30 18:40;579952888;258287248;97931360;623807752;677884248;882095000
1638286860;2021-11-30 18:41;604741504;281265688;111832568;575398240;716574072;856663928
1638286920;2021-11-30 18:42;530421168;269510448;93904496;588938064;624325664;858448512
1638286980;2021-11-30 18:43;573492432;315758192;112438048;656518808;685930480;972277000
1638287040;2021-11-30 18:44;533866480;312648336;103277424;566868112;637143904;879516448
1638287100;2021-11-30 18:45;492020336;343770984;110070600;545089416;602090936;888860400
1638287160;2021-11-30 18:46;597833760;352728288;100508056;512610992;698341816;865339280
1638287220;2021-11-30 18:47;591830360;281635600;104388320;521383312;696218680;803018912
1638287280;2021-11-30 18:48;537889736;299486296;102407656;526714776;640297392;826201072
1638287340;2021-11-30 18:49;533354152;333666952;100253880;534658752;633608032;868325704
1638287400;2021-11-30 18:50;530554832;292238888;103232352;539463128;633787184;831702016
1638287460;2021-11-30 18:51;621267584;309634768;109954000;603109040;731221584;912743808
1638287520;2021-11-30 18:52;577465504;343227192;108387288;550429512;685852792;893656704
1638287580;2021-11-30 18:53;597367024;290637384;105657096;604812952;703024120;895450336
1638287640;2021-11-30 18:54;617060352;270796280;96967304;524854192;714027656;795650472
1638287700;2021-11-30 18:55;596916384;250970856;103874776;516438032;700791160;767408888
1638287760;2021-11-30 18:56;635828064;282378200;98976384;560633800;734804448;843012000
1638287820;2021-11-30 18:57;633560376;280333640;99647880;527562808;733208256;807896448
1638287880;2021-11-30 18:58;609894064;270841008;105316168;499271992;715210232;770113000
1638287940;2021-11-30 18:59;610605592;289761864;103381648;467992256;713987240;757754120
1638288000;2021-11-30 19:00;587445336;282666488;103031312;515051296;690476648;797717784
1638288060;2021-11-30 19:01;672884224;379598104;96773656;545738792;769657880;925336896
1638288120;2021-11-30 19:02;685488472;363188352;109870096;497738944;795358568;860927296
1638288180;2021-11-30 19:03;659886176;342978656;112935080;554574128;772821256;897552784
1638288240;2021-11-30 19:04;610180576;324354768;102434448;564751808;712615024;889106576
1638288300;2021-11-30 19:05;603402552;312661968;105044664;626011352;708447216;938673320
1638288360;2021-11-30 19:06;629054304;365443024;114895720;638778888;743950024;1004221912
1638288420;2021-11-30 19:07;606808576;333565352;92869688;558330984;699678264;891896336
1638288480;2021-11-30 19:08;582362672;310692232;94855016;602670480;677217688;913362712
1638288540;2021-11-30 19:09;612057976;329421272;91831080;532964336;703889056;862385608
1638288600;2021-11-30 19:10;559401320;330897800;112831680;551850936;672233000;882748736
1638288660;2021-11-30 19:11;619670960;379747248;92341776;619053968;712012736;998801216
1638288720;2021-11-30 19:12;560291680;341190928;91429840;527038128;651721520;868229056
1638288780;2021-11-30 19:13;586994840;281733072;100418704;571904704;687413544;853637776
1638288840;2021-11-30 19:14;533557272;301203432;90151648;530255248;623708920;831458680
1638288900;2021-11-30 19:15;484823600;263017168;91492400;542589448;576316000;805606616
1638288960;2021-11-30 19:16;555155664;291213400;102149096;509026704;657304760;800240104
1638289020;2021-11-30 19:17;573786416;327607112;104715976;492540024;678502392;820147136
1638289080;2021-11-30 19:18;539761896;332221528;109323576;505453576;649085472;837675104
1638289140;2021-11-30 19:19;532319400;306097336;98847840;474459768;631167240;780557104
1638289200;2021-11-30 19:20;537304424;287041008;99884840;500477368;637189264;787518376
1638289260;2021-11-30 19:21;575056480;310675344;93906056;515472856;668962536;826148200
1638289320;2021-11-30 19:22;524449248;300464480;93144968;499203840;617594216;799668320
1638289380;2021-11-30 19:23;532540088;272767176;93527680;503916112;626067768;776683288
1638289440;2021-11-30 19:24;506158688;294305984;87724632;515733104;593883320;810039088
1638289500;2021-11-30 19:25;509450416;296279792;92141400;507069160;601591816;803348952
1638289560;2021-11-30 19:26;606315952;306757608;92074528;499686392;698390480;806444000
1638289620;2021-11-30 19:27;567871448;316491672;90948376;532622776;658819824;849114448
1638289680;2021-11-30 19:28;597729384;296126080;96197392;534706224;693926776;830832304
1638289740;2021-11-30 19:29;548197952;311058696;97772696;519336280;645970648;830394976
1638289800;2021-11-30 19:30;515816848;297497040;92921944;527613736;608738792;825110776
1638289860;2021-11-30 19:31;631862680;352140496;94219640;575930040;726082320;928070536
1638289920;2021-11-30 19:32;615168008;279191560;98149568;528695352;713317576;807886912
1638289980;2021-11-30 19:33;601568216;297198544;88380368;578445936;689948584;875644480
1638290040;2021-11-30 19:34;600718368;303671112;100176304;527862056;700894672;831533168
1638290100;2021-11-30 19:35;545584224;240056080;98887056;546033144;644471280;786089224
1638290160;2021-11-30 19:36;649311872;283479832;88672384;531214296;737984256;814694128
1638290220;2021-11-30 19:37;603716760;275689216;92927552;546141872;696644312;821831088
1638290280;2021-11-30 19:38;560054992;260131200;93998384;522391016;654053376;782522216
1638290340;2021-11-30 19:39;560731512;269020648;88931072;524663648;649662584;793684296
1638290400;2021-11-30 19:40;513814552;261385944;92137760;524811080;605952312;786197024
1638290460;2021-11-30 19:41;612797392;298152344;103002304;540646064;715799696;838798408
1638290520;2021-11-30 19:42;630302536;283013736;106044656;488909672;736347192;771923408
1638290580;2021-11-30 19:43;593274640;260626152;111769760;518454008;705044400;779080160
1638290640;2021-11-30 19:44;574341496;372120112;111724016;454252464;686065512;826372576
1638290700;2021-11-30 19:45;562377296;389907824;101099952;546141312;663477248;936049136
1638290760;2021-11-30 19:46;637042128;404229536;96795296;483507624;733837424;887737160
1638290820;2021-11-30 19:47;584331440;344124000;101672568;530891600;686004008;875015600
1638290880;2021-11-30 19:48;572271888;314291160;101248464;519152760;673520352;833443920
1638290940;2021-11-30 19:49;566639192;284609200;97619440;501567032;664258632;786176232
1638291000;2021-11-30 19:50;549173112;277248008;96780152;501933976;645953264;779181984
1638291060;2021-11-30 19:51;580234736;315514824;94545160;456277488;674779896;771792312
1638291120;2021-11-30 19:52;556248416;270798232;92878504;441035248;649126920;711833480
1638291180;2021-11-30 19:53;606597832;289608272;97891208;465141384;704489040;754749656
1638291240;2021-11-30 19:54;653658320;282657360;89584472;481253272;743242792;763910632
1638291300;2021-11-30 19:55;580986736;254641664;90197440;490802672;671184176;745444336
1638291360;2021-11-30 19:56;695857904;263300336;89199456;486337392;785057360;749637728
1638291420;2021-11-30 19:57;578010208;200458224;90676120;524142712;668686328;724600936
1638291480;2021-11-30 19:58;574395984;224342952;93730720;450114472;668126704;674457424
1638291540;2021-11-30 19:59;560771800;239108024;98366264;481317128;659138064;720425152
1638291600;2021-11-30 20:00;507321312;236245536;100300792;484365976;607622104;720611512
1638291660;2021-11-30 20:01;590114320;318984296;96642440;485324464;686756760;804308760
1638291720;2021-11-30 20:02;560177152;303846768;124188608;474518616;684365760;778365384
1638291780;2021-11-30 20:03;574917656;307877128;129447472;487184504;704365128;795061632
1638291840;2021-11-30 20:04;603302456;291286208;97813440;431555288;701115896;722841496
1638291900;2021-11-30 20:05;609756768;325404496;101651544;494019992;711408312;819424488
1638291960;2021-11-30 20:06;666533368;325346584;88892344;469081568;755425712;794428152
1638292020;2021-11-30 20:07;525937032;351467192;99392984;504642576;625330016;856109768
1638292080;2021-11-30 20:08;565498488;326684128;93768584;519185240;659267072;845869368
1638292140;2021-11-30 20:09;535752832;332923208;94667072;539661448;630419904;872584656
1638292200;2021-11-30 20:10;484164928;309578304;99549952;571275104;583714880;880853408
1638292260;2021-11-30 20:11;653772688;330235656;98905008;500558720;752677696;830794376
1638292320;2021-11-30 20:12;589347904;367227912;102441584;516377136;691789488;883605048
1638292380;2021-11-30 20:13;560943640;278705768;116370416;503864968;677314056;782570736
1638292440;2021-11-30 20:14;565593088;304207304;108827680;558576704;674420768;862784008
1638292500;2021-11-30 20:15;525266208;298873728;109140112;495967408;634406320;794841136
1638292560;2021-11-30 20:16;571711784;276765496;106109632;508047992;677821416;784813488
1638292620;2021-11-30 20:17;525844048;238603208;96378000;515976120;622222048;754579328
1638292680;2021-11-30 20:18;497529784;256575384;103122096;553604200;600651880;810179584
1638292740;2021-11-30 20:19;530732008;250397424;109472728;499052624;640204736;749450048
1638292800;2021-11-30 20:20;471769256;224421600;102635880;499967968;574405136;724389568
1638292860;2021-11-30 20:21;557139032;248411192;103000016;552971360;660139048;801382552
1638292920;2021-11-30 20:22;526512104;242113512;97552568;479707104;624064672;721820616
1638292980;2021-11-30 20:23;517944864;243368264;102807336;498121696;620752200;741489960
1638293040;2021-11-30 20:24;534536664;270028464;104782264;484507720;639318928;754536184
1638293100;2021-11-30 20:25;507550952;248385000;103947168;500918080;611498120;749303080
1638293160;2021-11-30 20:26;599163064;264908224;106643736;531386048;705806800;796294272
1638293220;2021-11-30 20:27;551007560;273557144;115461832;507506600;666469392;781063744
1638293280;2021-11-30 20:28;550244784;261224448;106920752;514073920;657165536;775298368
1638293340;2021-11-30 20:29;557177712;277629520;104893872;523240616;662071584;800870136
1638293400;2021-11-30 20:30;483997256;273315640;108926624;516655880;592923880;789971520
1638293460;2021-11-30 20:31;551369560;274882016;116892392;534056432;668261952;808938448
1638293520;2021-11-30 20:32;572035016;252448784;112724192;511260120;684759208;763708904
1638293580;2021-11-30 20:33;544069760;304309728;114649640;498481064;658719400;802790792
1638293640;2021-11-30 20:34;558491416;306364488;105972088;520675672;664463504;827040160
1638293700;2021-11-30 20:35;588113880;281932528;110256896;505744736;698370776;787677264
1638293760;2021-11-30 20:36;620500216;290648256;107190648;507628024;727690864;798276280
1638293820;2021-11-30 20:37;566638904;277642720;100553016;544937592;667191920;822580312
1638293880;2021-11-30 20:38;556411992;276730416;103047992;540928472;659459984;817658888
1638293940;2021-11-30 20:39;551644376;290370232;105371872;496389464;657016248;786759696
1638294000;2021-11-30 20:40;528565720;299986872;101970872;506730896;630536592;806717768
1638294060;2021-11-30 20:41;579624200;322639368;101330752;536084656;680954952;858724024
1638294120;2021-11-30 20:42;588005392;290790296;101997336;568947096;690002728;859737392
1638294180;2021-11-30 20:43;616458144;292528296;111854896;548566080;728313040;841094376
1638294240;2021-11-30 20:44;584750904;272758616;103105000;543655360;687855904;816413976
1638294300;2021-11-30 20:45;558896752;263112000;96187224;555038800;655083976;818150800
1638294360;2021-11-30 20:46;630747104;294855608;97042632;529619560;727789736;824475168
1638294420;2021-11-30 20:47;627712160;267316720;109761368;684572408;737473528;951889128
1638294480;2021-11-30 20:48;585580840;293625744;112394896;688303496;697975736;981929240
1638294540;2021-11-30 20:49;576674944;263736688;104597808;658914680;681272752;922651368
1638294600;2021-11-30 20:50;606825088;287372992;110141696;727283752;716966784;1014656744
1638294660;2021-11-30 20:51;630745400;287166456;105785200;750780320;736530600;1037946776
1638294720;2021-11-30 20:52;596474096;319964424;107807560;659504912;704281656;979469336
1638294780;2021-11-30 20:53;557542688;278009464;109284856;683399920;666827544;961409384
1638294840;2021-11-30 20:54;538753376;249050344;103085672;654254784;641839048;903305128
1638294900;2021-11-30 20:55;507106032;238568808;104776688;630890912;611882720;869459720
1638294960;2021-11-30 20:56;575653512;300544792;103350672;690154640;679004184;990699432
1638295020;2021-11-30 20:57;579993664;294682344;108777032;570340072;688770696;865022416
1638295080;2021-11-30 20:58;571244112;293661392;98128296;554618240;669372408;848279632
1638295140;2021-11-30 20:59;528549568;285002520;94840864;507380112;623390432;792382632
1638295200;2021-11-30 21:00;521208440;242935688;91274016;514172392;612482456;757108080
1638295260;2021-11-30 21:01;615725288;372195952;94739528;504433600;710464816;876629552
1638295320;2021-11-30 21:02;593110064;369095872;94117232;595018200;687227296;964114072
1638295380;2021-11-30 21:03;556524912;387368712;99644608;533178536;656169520;920547248
1638295440;2021-11-30 21:04;548237568;331402480;101086832;513358784;649324400;844761264
1638295500;2021-11-30 21:05;531193336;320603992;117636056;642152504;648829392;962756496
1638295560;2021-11-30 21:06;592205384;356233536;108239056;543510608;700444440;899744144
1638295620;2021-11-30 21:07;552847992;314934288;106551480;527682264;659399472;842616552
1638295680;2021-11-30 21:08;550297712;364054536;111072056;574076488;661369768;938131024
1638295740;2021-11-30 21:09;537904248;354254216;109775216;562890472;647679464;917144688
1638295800;2021-11-30 21:10;491462688;352938288;94307744;584633032;585770432;937571320
1638295860;2021-11-30 21:11;526634744;349669072;90269176;561064096;616903920;910733168
1638295920;2021-11-30 21:12;519302672;388159592;97917432;518293576;617220104;906453168
1638295980;2021-11-30 21:13;520912792;323602088;102122584;543382336;623035376;866984424
1638296040;2021-11-30 21:14;497581832;290401184;97592552;560098184;595174384;850499368
1638296100;2021-11-30 21:15;495932192;270743912;109147520;558164072;605079712;828907984
1638296160;2021-11-30 21:16;603211088;318302880;99146464;560728920;702357552;879031800
1638296220;2021-11-30 21:17;551344456;288454288;97028624;598016576;648373080;886470864
1638296280;2021-11-30 21:18;529898296;309976872;101556224;650866264;631454520;960843136
1638296340;2021-11-30 21:19;534342336;290241936;100755344;608570112;635097680;898812048
1638296400;2021-11-30 21:20;479698336;219954920;95451368;558158040;575149704;778112960
1638296460;2021-11-30 21:21;486681992;274022464;91969464;542487512;578651456;816509976
1638296520;2021-11-30 21:22;469483592;238841072;99188832;553804952;568672424;792646024
1638296580;2021-11-30 21:23;465990784;281784776;91627440;555897216;557618224;837681992
1638296640;2021-11-30 21:24;491391400;258898624;91875672;566192112;583267072;825090736
1638296700;2021-11-30 21:25;465588664;301815928;96710296;555065080;562298960;856881008
1638296760;2021-11-30 21:26;530069928;309640208;91187256;564528480;621257184;874168688
1638296820;2021-11-30 21:27;568095008;299660504;92331560;555328008;660426568;854988512
1638296880;2021-11-30 21:28;521669312;302918112;90149552;525084928;611818864;828003040
1638296940;2021-11-30 21:29;465858992;304304096;91242192;577510176;557101184;881814272
1638297000;2021-11-30 21:30;464996528;304240616;92329184;570563520;557325712;874804136
1638297060;2021-11-30 21:31;541432104;352881376;99025608;555905376;640457712;908786752
1638297120;2021-11-30 21:32;510515640;337793912;98492208;514221536;609007848;852015448
1638297180;2021-11-30 21:33;477484784;298246648;97669496;562702144;575154280;860948792
1638297240;2021-11-30 21:34;496547384;401000464;97470640;525963032;594018024;926963496
1638297300;2021-11-30 21:35;459577480;359465864;97512072;551734648;557089552;911200512
1638297360;2021-11-30 21:36;524697904;387400040;87909944;558073616;612607848;945473656
1638297420;2021-11-30 21:37;509470760;369259160;93308784;556012648;602779544;925271808
1638297480;2021-11-30 21:38;502961352;363714056;92961968;558454584;595923320;922168640
1638297540;2021-11-30 21:39;479477048;356980488;103022912;590082560;582499960;947063048
1638297600;2021-11-30 21:40;551382888;318318800;96984224;565779496;648367112;884098296
1638297660;2021-11-30 21:41;581686776;353611872;99813360;578767680;681500136;932379552
1638297720;2021-11-30 21:42;522604864;351400848;99387216;532159960;621992080;883560808
1638297780;2021-11-30 21:43;508208600;418609368;99072744;563284264;607281344;981893632
1638297840;2021-11-30 21:44;505863432;339920552;96536272;526669320;602399704;866589872
1638297900;2021-11-30 21:45;463815464;324948312;101606200;555250832;565421664;880199144
1638297960;2021-11-30 21:46;486546304;401245920;98027280;584945312;584573584;986191232
1638298020;2021-11-30 21:47;512309568;387065432;104065432;573920760;616375000;960986192
1638298080;2021-11-30 21:48;466710032;388170288;102748752;583268904;569458784;971439192
1638298140;2021-11-30 21:49;461398904;377751744;102616568;549296128;564015472;927047872
1638298200;2021-11-30 21:50;479405032;353196056;101246056;533165488;580651088;886361544
1638298260;2021-11-30 21:51;476599272;378168008;97545440;533710680;574144712;911878688
1638298320;2021-11-30 21:52;490506224;363040344;105883456;540552960;596389680;903593304
1638298380;2021-11-30 21:53;483428944;388262184;98197048;568355336;581625992;956617520
1638298440;2021-11-30 21:54;500844304;337747536;92111752;518196656;592956056;855944192
1638298500;2021-11-30 21:55;548779784;313673840;95948448;524090256;644728232;837764096
1638298560;2021-11-30 21:56;564576496;360791120;85903064;531908568;650479560;892699688
1638298620;2021-11-30 21:57;450517176;341706816;90040408;487184976;540557584;828891792
1638298680;2021-11-30 21:58;480006704;332633320;90910112;493130328;570916816;825763648
1638298740;2021-11-30 21:59;443519704;359321520;93044568;532358024;536564272;891679544
1638298800;2021-11-30 22:00;428246248;347901664;86217128;487608848;514463376;835510512
1638298860;2021-11-30 22:01;526466544;478304856;89949824;485094048;616416368;963398904
1638298920;2021-11-30 22:02;481883552;462093288;89481728;504935096;571365280;967028384
1638298980;2021-11-30 22:03;466266872;496292112;99427696;575970144;565694568;1072262256
1638299040;2021-11-30 22:04;502583912;440646104;101825952;500409792;604409864;941055896
1638299100;2021-11-30 22:05;453405912;404651568;115208040;542715096;568613952;947366664
1638299160;2021-11-30 22:06;515390248;417069544;116330584;1050825264;631720832;1467894808
1638299220;2021-11-30 22:07;513941488;425318056;124350192;1078508712;638291680;1503826768
1638299280;2021-11-30 22:08;480609600;419276984;130400600;1196275512;611010200;1615552496
1638299340;2021-11-30 22:09;503367688;412133584;120964976;1162646896;624332664;1574780480
1638299400;2021-11-30 22:10;448703368;418435824;112355296;1142831776;561058664;1561267600
1638299460;2021-11-30 22:11;600107384;441607584;120816520;1066813320;720923904;1508420904
1638299520;2021-11-30 22:12;543799912;412300328;109481328;559104424;653281240;971404752
1638299580;2021-11-30 22:13;516767720;383313040;111969256;511716584;628736976;895029624
1638299640;2021-11-30 22:14;470044984;447767888;106202440;553104432;576247424;1000872320
1638299700;2021-11-30 22:15;448933232;374948488;118730448;590485816;567663680;965434304
1638299760;2021-11-30 22:16;549305072;409840392;106801312;509535248;656106384;919375640
1638299820;2021-11-30 22:17;510963920;330282664;104541680;576354056;615505600;906636720
1638299880;2021-11-30 22:18;478669680;360747888;108091808;527933416;586761488;888681304
1638299940;2021-11-30 22:19;478948968;350444584;106471312;570823552;585420280;921268136
1638300000;2021-11-30 22:20;444043528;325663280;104052104;560159576;548095632;885822856
1638300060;2021-11-30 22:21;497527424;313625456;104309552;615482480;601836976;929107936
1638300120;2021-11-30 22:22;495832312;317997744;102773872;550598624;598606184;868596368
1638300180;2021-11-30 22:23;509539112;317538928;106358720;541003032;615897832;858541960
1638300240;2021-11-30 22:24;464490544;289725280;99887480;495764848;564378024;785490128
1638300300;2021-11-30 22:25;435443792;310765232;95850192;629079176;531293984;939844408
1638300360;2021-11-30 22:26;466327136;339675040;111851824;1119340216;578178960;1459015256
1638300420;2021-11-30 22:27;456805504;324844864;94415824;1121038984;551221328;1445883848
1638300480;2021-11-30 22:28;419497960;311286864;92847424;1076862424;512345384;1388149288
1638300540;2021-11-30 22:29;432553304;310737696;98930984;1112997248;531484288;1423734944
1638300600;2021-11-30 22:30;425938400;308955624;98658296;715198920;524596696;1024154544
1638300660;2021-11-30 22:31;514188056;317752384;97784576;563100392;611972632;880852776
1638300720;2021-11-30 22:32;513788512;298555208;98552480;539270440;612340992;837825648
1638300780;2021-11-30 22:33;497441456;289683072;98412648;563691088;595854104;853374160
1638300840;2021-11-30 22:34;495338272;305834824;96547472;534537752;591885744;840372576
1638300900;2021-11-30 22:35;443302272;308575592;98340088;506583880;541642360;815159472
1638300960;2021-11-30 22:36;524240992;341696928;102405464;483513024;626646456;825209952
1638301020;2021-11-30 22:37;505976776;318112056;100840504;531159352;606817280;849271408
1638301080;2021-11-30 22:38;479605112;284474880;104357520;537902944;583962632;822377824
1638301140;2021-11-30 22:39;468275680;304019840;103189312;531963776;571464992;835983616
1638301200;2021-11-30 22:40;457932488;282536080;100708712;528426904;558641200;810962984
1638301260;2021-11-30 22:41;497458688;335404328;101837136;1097306464;599295824;1432710792
1638301320;2021-11-30 22:42;472902600;323927400;100268960;1122300608;573171560;1446228008
1638301380;2021-11-30 22:43;474267624;324756168;105323344;1169934344;579590968;1494690512
1638301440;2021-11-30 22:44;464001912;288767432;127271168;1176139000;591273080;1464906432
1638301500;2021-11-30 22:45;492168296;279759112;102198416;1183692616;594366712;1463451728
1638301560;2021-11-30 22:46;594656912;309027696;103836592;1115825568;698493504;1424853264
1638301620;2021-11-30 22:47;514532872;286883928;101110296;1157611152;615643168;1444495080
1638301680;2021-11-30 22:48;498704952;276795936;107485984;1185058384;606190936;1461854320
1638301740;2021-11-30 22:49;486126528;353209992;98278800;764695920;584405328;1117905912
1638301800;2021-11-30 22:50;467496248;317427816;96273448;700816336;563769696;1018244152
1638301860;2021-11-30 22:51;507996512;315414488;98279704;724130640;606276216;1039545128
1638301920;2021-11-30 22:52;514988168;284844352;100875992;689295208;615864160;974139560
1638301980;2021-11-30 22:53;464093336;261310488;102860504;690276968;566953840;951587456
1638302040;2021-11-30 22:54;465657464;274643752;104143512;691613936;569800976;966257688
1638302100;2021-11-30 22:55;460335128;284218000;100716992;703767048;561052120;987985048
1638302160;2021-11-30 22:56;572977104;321366360;97534912;687896536;670512016;1009262896
1638302220;2021-11-30 22:57;487719272;304879768;98277040;679072144;585996312;983951912
1638302280;2021-11-30 22:58;510549192;318652896;98315864;674821608;608865056;993474504
1638302340;2021-11-30 22:59;491583968;324359088;98007184;685461344;589591152;1009820432
1638302400;2021-11-30 23:00;461536464;313226504;102961040;681853160;564497504;995079664
1638302460;2021-11-30 23:01;604402880;395604824;100137352;738450680;704540232;1134055504
1638302520;2021-11-30 23:02;463191960;388895472;119997344;720338920;583189304;1109234392
1638302580;2021-11-30 23:03;513832096;387697008;117304256;691716152;631136352;1079413160
1638302640;2021-11-30 23:04;484127872;392551512;103502640;677634400;587630512;1070185912
1638302700;2021-11-30 23:05;439634512;361276568;106665432;698182336;546299944;1059458904
1638302760;2021-11-30 23:06;539468848;382570048;97136160;962160000;636605008;1344730048
1638302820;2021-11-30 23:07;504307912;355120920;101986936;1114463488;606294848;1469584408
1638302880;2021-11-30 23:08;484518136;376295544;111240848;1117572192;595758984;1493867736
1638302940;2021-11-30 23:09;503333144;396015480;109189744;1056983904;612522888;1452999384
1638303000;2021-11-30 23:10;469871280;359713976;111909000;1094670408;581780280;1454384384
1638303060;2021-11-30 23:11;529845920;382959784;106703488;1079132408;636549408;1462092192
1638303120;2021-11-30 23:12;491654384;354951640;107477464;1053045800;599131848;1407997440
1638303180;2021-11-30 23:13;566731120;308160640;101130592;624929416;667861712;933090056
1638303240;2021-11-30 23:14;535154056;283703200;98292616;613166560;633446672;896869760
1638303300;2021-11-30 23:15;487101968;282591216;103057112;642159840;590159080;924751056
1638303360;2021-11-30 23:16;604853384;330770808;94856824;612515728;699710208;943286536
1638303420;2021-11-30 23:17;528638712;276248360;93890920;590917888;622529632;867166248
1638303480;2021-11-30 23:18;498709560;307872576;98028288;612256904;596737848;920129480
1638303540;2021-11-30 23:19;492571512;304458944;100308584;651727000;592880096;956185944
1638303600;2021-11-30 23:20;488629184;294911040;89919096;652702560;578548280;947613600
1638303660;2021-11-30 23:21;562035448;331668184;91304536;646735464;653339984;978403648
1638303720;2021-11-30 23:22;529781360;297184192;90997912;637505848;620779272;934690040
1638303780;2021-11-30 23:23;516804056;278790648;89440144;632957240;606244200;911747888
1638303840;2021-11-30 23:24;518162432;299310120;86598968;627124184;604761400;926434304
1638303900;2021-11-30 23:25;499797264;279649288;90855072;595531216;590652336;875180504
1638303960;2021-11-30 23:26;562673880;289344976;89668480;809952080;652342360;1099297056
1638304020;2021-11-30 23:27;528581712;287792832;91180656;948776328;619762368;1236569160
1638304080;2021-11-30 23:28;483594264;268063400;97361760;959410776;580956024;1227474176
1638304140;2021-11-30 23:29;512056328;265331568;108541712;964534848;620598040;1229866416
1638304200;2021-11-30 23:30;496404008;230006384;111606120;960648184;608010128;1190654568
1638304260;2021-11-30 23:31;483400456;295709984;110873600;939157088;594274056;1234867072
1638304320;2021-11-30 23:32;463415168;231053048;100095056;943664104;563510224;1174717152
1638304380;2021-11-30 23:33;466391056;280444280;97049624;937825432;563440680;1218269712
1638304440;2021-11-30 23:34;460179360;264725048;98861736;706046104;559041096;970771152
1638304500;2021-11-30 23:35;464741344;251267816;100606904;581172528;565348248;832440344
1638304560;2021-11-30 23:36;537760304;265378416;91597216;574359808;629357520;839738224
1638304620;2021-11-30 23:37;487559392;274025480;87981040;542978120;575540432;817003600
1638304680;2021-11-30 23:38;454970600;264696808;89920640;548779576;544891240;813476384
1638304740;2021-11-30 23:39;422633560;292545656;99081760;579859008;521715320;872404664
1638304800;2021-11-30 23:40;449120152;285199616;101578672;645681840;550698824;930881456
1638304860;2021-11-30 23:41;492277992;328176608;107847624;592985504;600125616;921162112
1638304920;2021-11-30 23:42;448105296;328412872;108819128;523199544;556924424;851612416
1638304980;2021-11-30 23:43;421610536;325942992;111516248;474515160;533126784;800458152
1638305040;2021-11-30 23:44;400356800;339288008;113635456;507127136;513992256;846415144
1638305100;2021-11-30 23:45;405352784;247812176;105416256;493591760;510769040;741403936
1638305160;2021-11-30 23:46;414273160;268606744;116530320;932474800;530803480;1201081544
1638305220;2021-11-30 23:47;390284728;288261944;104210032;1075982592;494494760;1364244536
1638305280;2021-11-30 23:48;379220888;252750040;101507208;1019700368;480728096;1272450408
1638305340;2021-11-30 23:49;348020912;230485656;121340232;1049318056;469361144;1279803712
1638305400;2021-11-30 23:50;332835272;210513952;89334744;1029497408;422170016;1240011360
1638305460;2021-11-30 23:51;373051496;274773328;94846416;1001989720;467897912;1276763048
1638305520;2021-11-30 23:52;356651992;207151064;94965976;755248560;451617968;962399624
1638305580;2021-11-30 23:53;353363336;248485480;92677856;778223152;446041192;1026708632
1638305640;2021-11-30 23:54;364952112;214119000;93709520;740128664;458661632;954247664
1638305700;2021-11-30 23:55;354327528;216201000;95405520;717758904;449733048;933959904
1638305760;2021-11-30 23:56;427528080;236265576;93616496;724788800;521144576;961054376
1638305820;2021-11-30 23:57;402602736;211865000;97274904;695928864;499877640;907793864
1638305880;2021-11-30 23:58;387627184;195748136;101781720;662815056;489408904;858563192
1638305940;2021-11-30 23:59;391026888;179288696;99995256;785084392;491022144;964373088
