Timestamp;DateTime;Pirog17-cr1_ae3.444(AS50817 Piter-IX SPB)_tx;Pirog17-cr1_ae3.444(AS50817 Piter-IX SPB)_rx;BMor18-cr1_et-0/0/1.444(AS50817 Piter-IX SPB)_tx;BMor18-cr1_et-0/0/1.444(AS50817 Piter-IX SPB)_rx;Cvetoch19-cr1_ae3.444(AS50817 Piter-IX SPB)_tx;Cvetoch19-cr1_ae3.444(AS50817 Piter-IX SPB)_rx;Aggregated_tx;Aggregated_rx
1635886800;2021-11-03 00:00;359445248;1161876184;0;0;100885480;782649584;460330728;1944525768
1635886860;2021-11-03 00:01;413585504;1229006984;0;0;93534688;811984512;507120192;2040991496
1635886920;2021-11-03 00:02;393740208;1250079056;0;0;97166008;839354464;490906216;2089433520
1635886980;2021-11-03 00:03;527535432;1212611872;0;0;94692792;826735368;622228224;2039347240
1635887040;2021-11-03 00:04;408469480;1182531296;0;0;95333064;763093344;503802544;1945624640
1635887100;2021-11-03 00:05;402330360;1184307120;0;0;106489664;740139592;508820024;1924446712
1635887160;2021-11-03 00:06;473634560;1167719416;0;0;96564104;777331512;570198664;1945050928
1635887220;2021-11-03 00:07;588676696;1133873672;0;0;85665360;758081112;674342056;1891954784
1635887280;2021-11-03 00:08;602528032;1173032672;0;0;109348560;836597912;711876592;2009630584
1635887340;2021-11-03 00:09;495942096;1176129632;0;0;104375704;747436136;600317800;1923565768
1635887400;2021-11-03 00:10;514538424;1079566240;0;0;106824464;671681848;621362888;1751248088
1635887460;2021-11-03 00:11;465566728;1165910776;0;0;97966976;615825192;563533704;1781735968
1635887520;2021-11-03 00:12;480273744;1138481864;0;0;109695872;638032672;589969616;1776514536
1635887580;2021-11-03 00:13;485983912;1097653768;0;0;98885224;614334456;584869136;1711988224
1635887640;2021-11-03 00:14;500192456;1040549600;0;0;91197512;683563032;591389968;1724112632
1635887700;2021-11-03 00:15;468859208;1189045784;0;0;92600216;603727680;561459424;1792773464
1635887760;2021-11-03 00:16;435348632;1120664616;0;0;95657720;625431616;531006352;1746096232
1635887820;2021-11-03 00:17;490380104;1083705344;0;0;104178856;678482640;594558960;1762187984
1635887880;2021-11-03 00:18;486958936;1179658496;0;0;100105376;688597496;587064312;1868255992
1635887940;2021-11-03 00:19;404071120;1071278984;0;0;100992976;693201344;505064096;1764480328
1635888000;2021-11-03 00:20;413028328;1122542224;0;0;90458056;633912176;503486384;1756454400
1635888060;2021-11-03 00:21;403628688;1027307800;0;0;88822808;646304992;492451496;1673612792
1635888120;2021-11-03 00:22;384343496;1056801320;0;0;90384352;713205512;474727848;1770006832
1635888180;2021-11-03 00:23;389939616;1037933552;0;0;92620440;705930200;482560056;1743863752
1635888240;2021-11-03 00:24;420950728;1166040088;0;0;91508424;711406736;512459152;1877446824
1635888300;2021-11-03 00:25;444595048;1131312704;0;0;93782848;723970136;538377896;1855282840
1635888360;2021-11-03 00:26;456076296;1109138640;0;0;85112336;680508408;541188632;1789647048
1635888420;2021-11-03 00:27;437852416;1025323320;0;0;88807080;739431472;526659496;1764754792
1635888480;2021-11-03 00:28;353278304;1004720176;0;0;88969952;712811896;442248256;1717532072
1635888540;2021-11-03 00:29;402248544;1004440392;0;0;89794088;595795136;492042632;1600235528
1635888600;2021-11-03 00:30;415901448;991726016;0;0;93262264;686914080;509163712;1678640096
1635888660;2021-11-03 00:31;457394888;947490568;0;0;102249752;652460000;559644640;1599950568
1635888720;2021-11-03 00:32;429344608;959817248;0;0;102932648;639137472;532277256;1598954720
1635888780;2021-11-03 00:33;387261648;1021493072;0;0;94048832;683438040;481310480;1704931112
1635888840;2021-11-03 00:34;416785680;926082016;0;0;91982912;637352312;508768592;1563434328
1635888900;2021-11-03 00:35;429728296;986422976;0;0;104021488;672637368;533749784;1659060344
1635888960;2021-11-03 00:36;438222208;1018083448;0;0;90283760;633955664;528505968;1652039112
1635889020;2021-11-03 00:37;417621200;1010167712;0;0;86935248;726847248;504556448;1737014960
1635889080;2021-11-03 00:38;418889952;979356296;0;0;85447088;679498280;504337040;1658854576
1635889140;2021-11-03 00:39;358673600;1009070200;0;0;86940408;663422368;445614008;1672492568
1635889200;2021-11-03 00:40;435135976;996666752;0;0;107053440;618641056;542189416;1615307808
1635889260;2021-11-03 00:41;436291792;977291256;0;0;101867152;598292312;538158944;1575583568
1635889320;2021-11-03 00:42;413858632;955097312;0;0;90213288;717007880;504071920;1672105192
1635889380;2021-11-03 00:43;399867112;927486240;0;0;101648880;751646640;501515992;1679132880
1635889440;2021-11-03 00:44;374286896;1015573296;0;0;98218424;730925336;472505320;1746498632
1635889500;2021-11-03 00:45;393615384;1019385688;0;0;104332680;734240240;497948064;1753625928
1635889560;2021-11-03 00:46;512039080;944030080;0;0;89096040;752557144;601135120;1696587224
1635889620;2021-11-03 00:47;510190112;941327152;0;0;96258072;767303496;606448184;1708630648
1635889680;2021-11-03 00:48;366491904;951621816;0;0;100251688;776696120;466743592;1728317936
1635889740;2021-11-03 00:49;448393296;1043570032;0;0;91664816;784988248;540058112;1828558280
1635889800;2021-11-03 00:50;425920528;986820920;0;0;96823024;676374664;522743552;1663195584
1635889860;2021-11-03 00:51;491947688;1180053272;0;0;103372672;630934632;595320360;1810987904
1635889920;2021-11-03 00:52;402249576;1190022296;0;0;108033160;570780592;510282736;1760802888
1635889980;2021-11-03 00:53;452129384;1167558488;0;0;95503200;595595176;547632584;1763153664
1635890040;2021-11-03 00:54;382612608;1070954272;0;0;113170488;594305192;495783096;1665259464
1635890100;2021-11-03 00:55;417518712;952598136;0;0;109371408;595004632;526890120;1547602768
1635890160;2021-11-03 00:56;476005536;919325552;0;0;93911136;539804496;569916672;1459130048
1635890220;2021-11-03 00:57;469130640;926800264;0;0;87804584;553287800;556935224;1480088064
1635890280;2021-11-03 00:58;399023568;889486184;0;0;97463392;595808160;496486960;1485294344
1635890340;2021-11-03 00:59;359043896;912072544;0;0;95429856;531215584;454473752;1443288128
1635890400;2021-11-03 01:00;339673504;969442984;0;0;131290728;569111024;470964232;1538554008
1635890460;2021-11-03 01:01;360256120;1079402296;0;0;139691608;547482712;499947728;1626885008
1635890520;2021-11-03 01:02;367552936;1067657624;0;0;140796704;547995352;508349640;1615652976
1635890580;2021-11-03 01:03;352241208;1097278576;0;0;135220352;549228600;487461560;1646507176
1635890640;2021-11-03 01:04;337374216;994163928;0;0;127011384;538460904;464385600;1532624832
1635890700;2021-11-03 01:05;346327152;995039256;0;0;140364488;621446200;486691640;1616485456
1635890760;2021-11-03 01:06;375571520;1011787744;0;0;123723928;559707240;499295448;1571494984
1635890820;2021-11-03 01:07;457977936;994556240;0;0;116247184;528945328;574225120;1523501568
1635890880;2021-11-03 01:08;471869416;1006290776;0;0;116168280;535685736;588037696;1541976512
1635890940;2021-11-03 01:09;417946760;1030741072;0;0;119696384;550169832;537643144;1580910904
1635891000;2021-11-03 01:10;368005664;1132522648;0;0;128774824;506625704;496780488;1639148352
1635891060;2021-11-03 01:11;368126336;998152296;0;0;123716336;531013696;491842672;1529165992
1635891120;2021-11-03 01:12;262621160;941848184;0;0;114105472;471811808;376726632;1413659992
1635891180;2021-11-03 01:13;272026160;900206224;0;0;116341776;431000128;388367936;1331206352
1635891240;2021-11-03 01:14;315099024;993906528;0;0;116887200;416409264;431986224;1410315792
1635891300;2021-11-03 01:15;354683392;913792488;0;0;129362424;425980424;484045816;1339772912
1635891360;2021-11-03 01:16;350354704;919323888;0;0;118018112;454057360;468372816;1373381248
1635891420;2021-11-03 01:17;355934328;897525472;0;0;120120432;450089432;476054760;1347614904
1635891480;2021-11-03 01:18;390825848;902943144;0;0;117373080;447361688;508198928;1350304832
1635891540;2021-11-03 01:19;364407336;785816808;0;0;115956104;487831960;480363440;1273648768
1635891600;2021-11-03 01:20;415007824;935058312;0;0;104561192;507531328;519569016;1442589640
1635891660;2021-11-03 01:21;404797144;856061976;0;0;108543536;462840088;513340680;1318902064
1635891720;2021-11-03 01:22;348533368;890258088;0;0;108354224;427321984;456887592;1317580072
1635891780;2021-11-03 01:23;331500408;867137096;0;0;108504472;462409728;440004880;1329546824
1635891840;2021-11-03 01:24;338365992;927760256;0;0;104958208;434043816;443324200;1361804072
1635891900;2021-11-03 01:25;351665824;909378344;0;0;110491248;420894352;462157072;1330272696
1635891960;2021-11-03 01:26;362385560;883436864;0;0;106400568;441193864;468786128;1324630728
1635892020;2021-11-03 01:27;344682768;862448976;0;0;108111600;417473312;452794368;1279922288
1635892080;2021-11-03 01:28;345440408;843995728;0;0;109481872;440861912;454922280;1284857640
1635892140;2021-11-03 01:29;339475704;813731344;0;0;113569912;419251632;453045616;1232982976
1635892200;2021-11-03 01:30;353794968;817406472;0;0;103600848;454233360;457395816;1271639832
1635892260;2021-11-03 01:31;368438664;853005872;0;0;109782496;402863208;478221160;1255869080
1635892320;2021-11-03 01:32;363047440;878968152;0;0;107223048;441274400;470270488;1320242552
1635892380;2021-11-03 01:33;345296592;828542176;0;0;107748936;400978400;453045528;1229520576
1635892440;2021-11-03 01:34;306916696;823672352;0;0;109513552;405743416;416430248;1229415768
1635892500;2021-11-03 01:35;273447752;807757128;0;0;110674872;417534552;384122624;1225291680
1635892560;2021-11-03 01:36;435358224;904025232;0;0;115624952;376579200;550983176;1280604432
1635892620;2021-11-03 01:37;384978416;852105592;0;0;102838856;370459888;487817272;1222565480
1635892680;2021-11-03 01:38;377191784;827696552;0;0;115418024;374384984;492609808;1202081536
1635892740;2021-11-03 01:39;340489152;923002080;0;0;110158104;410179328;450647256;1333181408
1635892800;2021-11-03 01:40;349180432;923229848;0;0;111979096;427263288;461159528;1350493136
1635892860;2021-11-03 01:41;320079976;891436440;0;0;113985296;535709240;434065272;1427145680
1635892920;2021-11-03 01:42;378747920;879241192;0;0;106998576;526934152;485746496;1406175344
1635892980;2021-11-03 01:43;354114768;861937384;0;0;109047600;534863072;463162368;1396800456
1635893040;2021-11-03 01:44;367660192;820149400;0;0;111595160;483003376;479255352;1303152776
1635893100;2021-11-03 01:45;340770336;862789784;0;0;130080048;437052584;470850384;1299842368
1635893160;2021-11-03 01:46;287184624;803750248;0;0;121222856;401506608;408407480;1205256856
1635893220;2021-11-03 01:47;377984408;803064384;0;0;124459624;392126592;502444032;1195190976
1635893280;2021-11-03 01:48;403221664;851596392;0;0;124652008;395219008;527873672;1246815400
1635893340;2021-11-03 01:49;365729320;759864304;0;0;123970864;396757664;489700184;1156621968
1635893400;2021-11-03 01:50;408574112;840708672;0;0;123223808;392385304;531797920;1233093976
1635893460;2021-11-03 01:51;397791032;804872432;0;0;114506664;378164160;512297696;1183036592
1635893520;2021-11-03 01:52;352141720;798024696;0;0;106350952;405654408;458492672;1203679104
1635893580;2021-11-03 01:53;351555104;797444640;0;0;104744008;386961456;456299112;1184406096
1635893640;2021-11-03 01:54;388153336;705934592;0;0;102085896;353254312;490239232;1059188904
1635893700;2021-11-03 01:55;305981096;811046416;0;0;107481360;367579000;413462456;1178625416
1635893760;2021-11-03 01:56;321018312;750233760;0;0;105553744;379115232;426572056;1129348992
1635893820;2021-11-03 01:57;333998128;763550360;0;0;99418544;392255544;433416672;1155805904
1635893880;2021-11-03 01:58;326700088;771104112;0;0;100657336;351021112;427357424;1122125224
1635893940;2021-11-03 01:59;295199888;709142504;0;0;124147432;337108464;419347320;1046250968
1635894000;2021-11-03 02:00;298349776;858857184;0;0;114602200;453942224;412951976;1312799408
1635894060;2021-11-03 02:01;334364376;981218176;0;0;116596520;481526080;450960896;1462744256
1635894120;2021-11-03 02:02;306953368;895051880;0;0;110317472;492433104;417270840;1387484984
1635894180;2021-11-03 02:03;326504200;878660768;0;0;104171256;466451536;430675456;1345112304
1635894240;2021-11-03 02:04;332235224;836539080;0;0;104166448;444970480;436401672;1281509560
1635894300;2021-11-03 02:05;359245184;878670232;0;0;105357096;406482616;464602280;1285152848
1635894360;2021-11-03 02:06;353122880;851911672;0;0;102851376;411375352;455974256;1263287024
1635894420;2021-11-03 02:07;406886968;801690224;0;0;97581544;437564832;504468512;1239255056
1635894480;2021-11-03 02:08;340439488;818214704;0;0;107356328;461673368;447795816;1279888072
1635894540;2021-11-03 02:09;340312216;758805816;0;0;100857688;421175432;441169904;1179981248
1635894600;2021-11-03 02:10;356625888;834776672;0;0;104143600;436810824;460769488;1271587496
1635894660;2021-11-03 02:11;292853880;776224448;0;0;100134696;376423064;392988576;1152647512
1635894720;2021-11-03 02:12;324265824;733217432;0;0;99456312;379410144;423722136;1112627576
1635894780;2021-11-03 02:13;327595128;777910480;0;0;100029896;413752192;427625024;1191662672
1635894840;2021-11-03 02:14;321806872;752228976;0;0;101200944;339444784;423007816;1091673760
1635894900;2021-11-03 02:15;329592128;786208768;0;0;104297416;330113408;433889544;1116322176
1635894960;2021-11-03 02:16;307749928;804711088;0;0;111221240;331308936;418971168;1136020024
1635895020;2021-11-03 02:17;320984608;955921424;0;0;108076120;289064496;429060728;1244985920
1635895080;2021-11-03 02:18;333000168;880272248;0;0;103029104;310713264;436029272;1190985512
1635895140;2021-11-03 02:19;329523096;875945120;0;0;97888784;286437040;427411880;1162382160
1635895200;2021-11-03 02:20;321422056;717415944;0;0;103386184;322020112;424808240;1039436056
1635895260;2021-11-03 02:21;308695688;731685752;0;0;111681664;349321984;420377352;1081007736
1635895320;2021-11-03 02:22;291796928;770801200;0;0;100494312;319855648;392291240;1090656848
1635895380;2021-11-03 02:23;336552512;751716760;0;0;98717184;351481472;435269696;1103198232
1635895440;2021-11-03 02:24;335726224;716516112;0;0;102057560;309760640;437783784;1026276752
1635895500;2021-11-03 02:25;294447624;737975240;0;0;105805952;317846008;400253576;1055821248
1635895560;2021-11-03 02:26;301567552;757413128;0;0;102329520;295796264;403897072;1053209392
1635895620;2021-11-03 02:27;252367872;724556280;0;0;101279976;309154664;353647848;1033710944
1635895680;2021-11-03 02:28;299118112;787444000;0;0;96482208;319640424;395600320;1107084424
1635895740;2021-11-03 02:29;306348344;740252776;0;0;107477408;312031216;413825752;1052283992
1635895800;2021-11-03 02:30;303514896;719673816;0;0;99993560;323349400;403508456;1043023216
1635895860;2021-11-03 02:31;292481176;720220656;0;0;98970656;388734128;391451832;1108954784
1635895920;2021-11-03 02:32;254431704;699098568;0;0;101458112;435281432;355889816;1134380000
1635895980;2021-11-03 02:33;285268024;721594656;0;0;101382064;418259688;386650088;1139854344
1635896040;2021-11-03 02:34;293040976;655885560;0;0;103521864;386269312;396562840;1042154872
1635896100;2021-11-03 02:35;292818376;656761032;0;0;105567016;373779664;398385392;1030540696
1635896160;2021-11-03 02:36;308948728;709798872;0;0;106115928;388839928;415064656;1098638800
1635896220;2021-11-03 02:37;271397224;754775616;0;0;97625264;418330104;369022488;1173105720
1635896280;2021-11-03 02:38;294326856;679435072;0;0;105565824;383736984;399892680;1063172056
1635896340;2021-11-03 02:39;291384016;702921320;0;0;104685112;382170576;396069128;1085091896
1635896400;2021-11-03 02:40;309414720;738154024;0;0;99069200;381611592;408483920;1119765616
1635896460;2021-11-03 02:41;335683888;706203320;0;0;103320208;396639728;439004096;1102843048
1635896520;2021-11-03 02:42;322517688;727416296;0;0;101559592;341300760;424077280;1068717056
1635896580;2021-11-03 02:43;311726336;736058168;0;0;103104408;330758952;414830744;1066817120
1635896640;2021-11-03 02:44;280477744;737815000;0;0;99639440;288136424;380117184;1025951424
1635896700;2021-11-03 02:45;288050248;782367968;0;0;107981160;294569912;396031408;1076937880
1635896760;2021-11-03 02:46;355309752;764883720;0;0;93562800;264097480;448872552;1028981200
1635896820;2021-11-03 02:47;313121952;715907040;0;0;112452992;275388136;425574944;991295176
1635896880;2021-11-03 02:48;284747424;735691688;0;0;98722944;330999528;383470368;1066691216
1635896940;2021-11-03 02:49;295791384;783647984;0;0;103028128;339422504;398819512;1123070488
1635897000;2021-11-03 02:50;295545696;708937616;0;0;100435672;262693400;395981368;971631016
1635897060;2021-11-03 02:51;291839200;653921840;0;0;102917192;346928368;394756392;1000850208
1635897120;2021-11-03 02:52;288572152;747234520;0;0;99496312;301209816;388068464;1048444336
1635897180;2021-11-03 02:53;279742944;692126920;0;0;103036048;288079960;382778992;980206880
1635897240;2021-11-03 02:54;260706512;688386976;0;0;97619200;316019128;358325712;1004406104
1635897300;2021-11-03 02:55;273811144;706450136;0;0;107681368;298138936;381492512;1004589072
1635897360;2021-11-03 02:56;297788416;664739824;0;0;101185656;285791296;398974072;950531120
1635897420;2021-11-03 02:57;335644448;697130424;0;0;101652936;277584576;437297384;974715000
1635897480;2021-11-03 02:58;279801944;672801224;0;0;101985384;285231696;381787328;958032920
1635897540;2021-11-03 02:59;292714552;648160576;0;0;97206272;251058568;389920824;899219144
1635897600;2021-11-03 03:00;275147256;641929440;0;0;102263320;320801144;377410576;962730584
1635897660;2021-11-03 03:01;278164144;749896264;0;0;105195800;298093040;383359944;1047989304
1635897720;2021-11-03 03:02;257832976;745892312;0;0;102701792;245193496;360534768;991085808
1635897780;2021-11-03 03:03;340824000;750894168;0;0;101052216;260116792;441876216;1011010960
1635897840;2021-11-03 03:04;372539400;728531888;0;0;99554168;240034192;472093568;968566080
1635897900;2021-11-03 03:05;330369016;759166136;0;0;103767184;266319384;434136200;1025485520
1635897960;2021-11-03 03:06;389364904;754018584;0;0;101239088;282461880;490603992;1036480464
1635898020;2021-11-03 03:07;384694592;737251112;0;0;102996912;234893152;487691504;972144264
1635898080;2021-11-03 03:08;338987160;787182784;0;0;100655672;248256880;439642832;1035439664
1635898140;2021-11-03 03:09;317680176;757062504;0;0;97475016;252596024;415155192;1009658528
1635898200;2021-11-03 03:10;367843584;689106816;0;0;102629480;242609048;470473064;931715864
1635898260;2021-11-03 03:11;357577664;618854512;0;0;100054048;292214608;457631712;911069120
1635898320;2021-11-03 03:12;357916152;645960632;0;0;98793808;249031328;456709960;894991960
1635898380;2021-11-03 03:13;377115472;613681920;0;0;102606192;202072776;479721664;815754696
1635898440;2021-11-03 03:14;372376184;664428680;0;0;102898976;234915272;475275160;899343952
1635898500;2021-11-03 03:15;323760200;624812568;0;0;106195944;226703576;429956144;851516144
1635898560;2021-11-03 03:16;343231760;600673112;0;0;101970360;235726024;445202120;836399136
1635898620;2021-11-03 03:17;356447112;603164528;0;0;97608704;250954112;454055816;854118640
1635898680;2021-11-03 03:18;447689680;733824632;0;0;103270024;300679632;550959704;1034504264
1635898740;2021-11-03 03:19;472632352;645099416;0;0;101691960;240040944;574324312;885140360
1635898800;2021-11-03 03:20;469487968;651734816;0;0;106284520;254319928;575772488;906054744
1635898860;2021-11-03 03:21;482106456;701100176;0;0;102805408;280870712;584911864;981970888
1635898920;2021-11-03 03:22;484060744;700157752;0;0;95481296;310065008;579542040;1010222760
1635898980;2021-11-03 03:23;475978856;685185008;0;0;113424288;229924944;589403144;915109952
1635899040;2021-11-03 03:24;479183736;660673928;0;0;106733608;245792000;585917344;906465928
1635899100;2021-11-03 03:25;460518792;717821736;0;0;106587800;229226896;567106592;947048632
1635899160;2021-11-03 03:26;400897920;662477352;0;0;105372416;222415760;506270336;884893112
1635899220;2021-11-03 03:27;422667432;678620672;0;0;105885464;221336440;528552896;899957112
1635899280;2021-11-03 03:28;416875328;657422040;0;0;105385656;234509880;522260984;891931920
1635899340;2021-11-03 03:29;432725896;639448296;0;0;104841896;235465640;537567792;874913936
1635899400;2021-11-03 03:30;404703400;740131800;0;0;110023864;308911448;514727264;1049043248
1635899460;2021-11-03 03:31;412819320;778593936;0;0;105213432;337131192;518032752;1115725128
1635899520;2021-11-03 03:32;469466744;781816984;0;0;104610760;337637576;574077504;1119454560
1635899580;2021-11-03 03:33;430300664;763555528;0;0;101350096;339534512;531650760;1103090040
1635899640;2021-11-03 03:34;417568520;746612776;0;0;102361640;354401240;519930160;1101014016
1635899700;2021-11-03 03:35;461514296;698827136;0;0;109323864;258705624;570838160;957532760
1635899760;2021-11-03 03:36;389295864;642500152;0;0;104278712;264667848;493574576;907168000
1635899820;2021-11-03 03:37;417581264;667518744;0;0;103080568;214559464;520661832;882078208
1635899880;2021-11-03 03:38;438455088;675947376;0;0;97792728;228970968;536247816;904918344
1635899940;2021-11-03 03:39;420033792;666012608;0;0;103904688;260240896;523938480;926253504
1635900000;2021-11-03 03:40;387592040;716405600;0;0;99876200;244699808;487468240;961105408
1635900060;2021-11-03 03:41;345165312;717172728;0;0;99385688;241440960;444551000;958613688
1635900120;2021-11-03 03:42;254505568;689621192;0;0;99800256;213574584;354305824;903195776
1635900180;2021-11-03 03:43;287333568;642180784;0;0;101320336;205782280;388653904;847963064
1635900240;2021-11-03 03:44;274386096;696204184;0;0;99704688;233509488;374090784;929713672
1635900300;2021-11-03 03:45;290458832;676004200;0;0;103313360;226067464;393772192;902071664
1635900360;2021-11-03 03:46;306588224;675909256;0;0;92749072;187566760;399337296;863476016
1635900420;2021-11-03 03:47;283238592;656941368;0;0;106888336;232731920;390126928;889673288
1635900480;2021-11-03 03:48;271217376;580437784;0;0;109578880;240720232;380796256;821158016
1635900540;2021-11-03 03:49;237356960;587323720;0;0;113975880;233971888;351332840;821295608
1635900600;2021-11-03 03:50;258347312;761053096;0;0;107464472;261882088;365811784;1022935184
1635900660;2021-11-03 03:51;255264016;700505712;0;0;107782368;299595008;363046384;1000100720
1635900720;2021-11-03 03:52;281639288;613909616;0;0;95569048;219474432;377208336;833384048
1635900780;2021-11-03 03:53;243248936;612405744;0;0;103066088;243113488;346315024;855519232
1635900840;2021-11-03 03:54;272759920;638683560;0;0;95875408;208550136;368635328;847233696
1635900900;2021-11-03 03:55;303040080;694173304;0;0;105055456;266834088;408095536;961007392
1635900960;2021-11-03 03:56;272521192;640335912;0;0;102525024;301331640;375046216;941667552
1635901020;2021-11-03 03:57;280179576;633079904;0;0;98221312;248562984;378400888;881642888
1635901080;2021-11-03 03:58;412842712;824818080;0;0;98688584;227908168;511531296;1052726248
1635901140;2021-11-03 03:59;436878416;863204360;0;0;102031312;246960168;538909728;1110164528
1635901200;2021-11-03 04:00;259489856;678755344;0;0;95382536;257002152;354872392;935757496
1635901260;2021-11-03 04:01;300357824;653337664;0;0;102161216;311846888;402519040;965184552
1635901320;2021-11-03 04:02;312352616;658182496;0;0;101159072;237472264;413511688;895654760
1635901380;2021-11-03 04:03;275733680;728841256;0;0;99274352;189454528;375008032;918295784
1635901440;2021-11-03 04:04;271977056;711654464;0;0;100694248;170964128;372671304;882618592
1635901500;2021-11-03 04:05;293910776;712796760;0;0;105680344;182377248;399591120;895174008
1635901560;2021-11-03 04:06;325049072;693185168;0;0;100562504;223463432;425611576;916648600
1635901620;2021-11-03 04:07;363725672;731344200;0;0;101078784;218641736;464804456;949985936
1635901680;2021-11-03 04:08;399784720;792182520;0;0;101328264;229659232;501112984;1021841752
1635901740;2021-11-03 04:09;318257088;671488680;0;0;101651896;213498424;419908984;884987104
1635901800;2021-11-03 04:10;302086576;712397584;0;0;135408096;212638640;437494672;925036224
1635901860;2021-11-03 04:11;301695304;684121552;0;0;150688488;266806680;452383792;950928232
1635901920;2021-11-03 04:12;272962344;624240432;0;0;143768128;213518864;416730472;837759296
1635901980;2021-11-03 04:13;251989680;645653248;0;0;138271680;199273840;390261360;844927088
1635902040;2021-11-03 04:14;265494440;653454424;0;0;119582272;203689776;385076712;857144200
1635902100;2021-11-03 04:15;243841504;669068256;0;0;106652176;216708296;350493680;885776552
1635902160;2021-11-03 04:16;213659560;600066584;0;0;101545184;244962424;315204744;845029008
1635902220;2021-11-03 04:17;205175816;629484360;0;0;101683416;218525704;306859232;848010064
1635902280;2021-11-03 04:18;218565240;587159200;0;0;102952160;238258496;321517400;825417696
1635902340;2021-11-03 04:19;209935696;589128136;0;0;100589472;181038112;310525168;770166248
1635902400;2021-11-03 04:20;209141752;595352256;0;0;103291616;236164672;312433368;831516928
1635902460;2021-11-03 04:21;211653984;626942424;0;0;101466008;220940336;313119992;847882760
1635902520;2021-11-03 04:22;201783296;661677624;0;0;98763584;231923128;300546880;893600752
1635902580;2021-11-03 04:23;200327832;649062896;0;0;98522168;272814832;298850000;921877728
1635902640;2021-11-03 04:24;189854856;635302040;0;0;102542352;261447048;292397208;896749088
1635902700;2021-11-03 04:25;203663064;710950232;0;0;104701584;240490960;308364648;951441192
1635902760;2021-11-03 04:26;193674944;662790128;0;0;99304672;213800896;292979616;876591024
1635902820;2021-11-03 04:27;200499360;656745464;0;0;100272520;237214728;300771880;893960192
1635902880;2021-11-03 04:28;195883808;617492888;0;0;101291520;233946448;297175328;851439336
1635902940;2021-11-03 04:29;203833032;563949040;0;0;103031240;217021432;306864272;780970472
1635903000;2021-11-03 04:30;177935056;626048656;0;0;104562448;235645120;282497504;861693776
1635903060;2021-11-03 04:31;188080520;607801064;0;0;102180472;271201576;290260992;879002640
1635903120;2021-11-03 04:32;192564440;733040080;0;0;99362864;230379224;291927304;963419304
1635903180;2021-11-03 04:33;192801320;677353328;0;0;101811904;201164776;294613224;878518104
1635903240;2021-11-03 04:34;191038584;491612592;0;0;102924376;219235232;293962960;710847824
1635903300;2021-11-03 04:35;204342192;461127328;0;0;103866448;235801248;308208640;696928576
1635903360;2021-11-03 04:36;204306696;445116936;0;0;103095224;243676848;307401920;688793784
1635903420;2021-11-03 04:37;205579296;441421320;0;0;105017856;223988000;310597152;665409320
1635903480;2021-11-03 04:38;199546432;449733912;0;0;100915648;205654000;300462080;655387912
1635903540;2021-11-03 04:39;200064952;471377784;0;0;107796008;200857600;307860960;672235384
1635903600;2021-11-03 04:40;211123688;584774520;0;0;111016152;208970664;322139840;793745184
1635903660;2021-11-03 04:41;204301472;467924880;0;0;125236544;207399968;329538016;675324848
1635903720;2021-11-03 04:42;201524992;510896376;0;0;105903776;216435792;307428768;727332168
1635903780;2021-11-03 04:43;191312880;439678824;0;0;95673392;198209744;286986272;637888568
1635903840;2021-11-03 04:44;191311672;452775912;0;0;101781384;192606520;293093056;645382432
1635903900;2021-11-03 04:45;191778904;462117592;0;0;105030176;193663864;296809080;655781456
1635903960;2021-11-03 04:46;210274112;499915456;0;0;96441376;208512544;306715488;708428000
1635904020;2021-11-03 04:47;183137256;443955760;0;0;103491328;233330048;286628584;677285808
1635904080;2021-11-03 04:48;186139928;457292760;0;0;99250720;203007512;285390648;660300272
1635904140;2021-11-03 04:49;183189856;485975848;0;0;98270464;215743240;281460320;701719088
1635904200;2021-11-03 04:50;176665944;459898920;0;0;101046192;209809752;277712136;669708672
1635904260;2021-11-03 04:51;168167656;486924360;0;0;98749584;194504512;266917240;681428872
1635904320;2021-11-03 04:52;143946688;444069336;0;0;103680992;185143088;247627680;629212424
1635904380;2021-11-03 04:53;128044512;473833736;0;0;100710792;214320464;228755304;688154200
1635904440;2021-11-03 04:54;150212360;469320304;0;0;98380096;222618528;248592456;691938832
1635904500;2021-11-03 04:55;158002280;470034872;0;0;103274712;204703464;261276992;674738336
1635904560;2021-11-03 04:56;167090320;477506664;0;0;99523792;165947272;266614112;643453936
1635904620;2021-11-03 04:57;174558464;502423680;0;0;105650408;183349680;280208872;685773360
1635904680;2021-11-03 04:58;159957304;513424480;0;0;101542144;166757112;261499448;680181592
1635904740;2021-11-03 04:59;169487016;468545240;0;0;105020168;150464712;274507184;619009952
1635904800;2021-11-03 05:00;172515416;538414864;0;0;102812608;229882160;275328024;768297024
1635904860;2021-11-03 05:01;189431608;731555216;0;0;96800760;217871328;286232368;949426544
1635904920;2021-11-03 05:02;191811984;720540928;0;0;101908520;158627648;293720504;879168576
1635904980;2021-11-03 05:03;184285640;764869480;0;0;98049976;150485624;282335616;915355104
1635905040;2021-11-03 05:04;173644424;729754928;0;0;105183040;160754688;278827464;890509616
1635905100;2021-11-03 05:05;160601264;646750760;0;0;106540368;146855320;267141632;793606080
1635905160;2021-11-03 05:06;162694088;556219232;0;0;99340584;174839120;262034672;731058352
1635905220;2021-11-03 05:07;152329872;567113080;0;0;98565672;154764520;250895544;721877600
1635905280;2021-11-03 05:08;162622968;560937744;0;0;98193440;181736784;260816408;742674528
1635905340;2021-11-03 05:09;160757000;570443064;0;0;98004584;161038520;258761584;731481584
1635905400;2021-11-03 05:10;164980640;518708456;0;0;101251336;173608400;266231976;692316856
1635905460;2021-11-03 05:11;168745880;587710688;0;0;99636224;148390376;268382104;736101064
1635905520;2021-11-03 05:12;173610832;527103200;0;0;98298768;147883984;271909600;674987184
1635905580;2021-11-03 05:13;166109888;447112032;0;0;103036664;148643000;269146552;595755032
1635905640;2021-11-03 05:14;178853888;464094312;0;0;98132832;137192688;276986720;601287000
1635905700;2021-11-03 05:15;179259400;499232656;0;0;107459728;161673288;286719128;660905944
1635905760;2021-11-03 05:16;170773968;505844104;0;0;99970928;143044520;270744896;648888624
1635905820;2021-11-03 05:17;151039352;499962832;0;0;100466208;168656072;251505560;668618904
1635905880;2021-11-03 05:18;156326976;530067600;0;0;100538816;188414480;256865792;718482080
1635905940;2021-11-03 05:19;156137496;509239048;0;0;97618008;232168208;253755504;741407256
1635906000;2021-11-03 05:20;186906368;496480888;0;0;103227960;173060208;290134328;669541096
1635906060;2021-11-03 05:21;166264752;503747624;0;0;100789912;157244192;267054664;660991816
1635906120;2021-11-03 05:22;157725704;507251216;0;0;97491712;159686160;255217416;666937376
1635906180;2021-11-03 05:23;167846824;523218200;0;0;101342040;151493760;269188864;674711960
1635906240;2021-11-03 05:24;150291856;466054536;0;0;98539448;169762416;248831304;635816952
1635906300;2021-11-03 05:25;166053824;468328672;0;0;104271288;171760568;270325112;640089240
1635906360;2021-11-03 05:26;168855376;498001624;0;0;99628080;181746152;268483456;679747776
1635906420;2021-11-03 05:27;154071376;490480360;0;0;97469112;146649600;251540488;637129960
1635906480;2021-11-03 05:28;176264144;462448064;0;0;99967096;140328376;276231240;602776440
1635906540;2021-11-03 05:29;153020104;457308144;0;0;99897952;139158904;252918056;596467048
1635906600;2021-11-03 05:30;163888992;515880728;0;0;101666480;154263824;265555472;670144552
1635906660;2021-11-03 05:31;177648992;463346920;0;0;99756976;177050416;277405968;640397336
1635906720;2021-11-03 05:32;172660288;480047080;0;0;98707456;161197392;271367744;641244472
1635906780;2021-11-03 05:33;184867720;498516336;0;0;100242912;165887608;285110632;664403944
1635906840;2021-11-03 05:34;183884328;505219944;0;0;99261920;191291592;283146248;696511536
1635906900;2021-11-03 05:35;182306288;568399944;0;0;103217872;153675128;285524160;722075072
1635906960;2021-11-03 05:36;171173864;474990320;0;0;97563664;142439024;268737528;617429344
1635907020;2021-11-03 05:37;189363856;530468104;0;0;101993944;158405760;291357800;688873864
1635907080;2021-11-03 05:38;180734016;478571696;0;0;98897384;147192728;279631400;625764424
1635907140;2021-11-03 05:39;170032472;472523200;0;0;97971560;191086760;268004032;663609960
1635907200;2021-11-03 05:40;149969984;437572304;0;0;101489008;156659560;251458992;594231864
1635907260;2021-11-03 05:41;142854312;462903432;0;0;102923656;209231376;245777968;672134808
1635907320;2021-11-03 05:42;124812408;473084664;0;0;98795400;164503296;223607808;637587960
1635907380;2021-11-03 05:43;132875568;439356048;0;0;98488136;190216504;231363704;629572552
1635907440;2021-11-03 05:44;122795640;423944376;0;0;100759264;189386624;223554904;613331000
1635907500;2021-11-03 05:45;132174472;467074728;0;0;110319632;193203456;242494104;660278184
1635907560;2021-11-03 05:46;139824064;462081464;0;0;102756560;237055784;242580624;699137248
1635907620;2021-11-03 05:47;137711392;506666864;0;0;97147416;168137728;234858808;674804592
1635907680;2021-11-03 05:48;133114864;480358152;0;0;100482752;177681128;233597616;658039280
1635907740;2021-11-03 05:49;124732040;455486888;0;0;104950192;167884976;229682232;623371864
1635907800;2021-11-03 05:50;128251624;445665304;0;0;109740360;145914528;237991984;591579832
1635907860;2021-11-03 05:51;143454952;472738888;0;0;97939920;170098056;241394872;642836944
1635907920;2021-11-03 05:52;158125312;447852096;0;0;99546008;179093264;257671320;626945360
1635907980;2021-11-03 05:53;147094760;447103264;0;0;101981960;185446088;249076720;632549352
1635908040;2021-11-03 05:54;139523088;426690968;0;0;101322032;183761264;240845120;610452232
1635908100;2021-11-03 05:55;143725472;456217928;0;0;107404808;177740488;251130280;633958416
1635908160;2021-11-03 05:56;139856144;450798584;0;0;100951472;165004360;240807616;615802944
1635908220;2021-11-03 05:57;142301288;483588528;0;0;101035968;215159024;243337256;698747552
1635908280;2021-11-03 05:58;152078528;494290184;0;0;104344456;243281856;256422984;737572040
1635908340;2021-11-03 05:59;138157560;556751192;0;0;100761688;160384824;238919248;717136016
1635908400;2021-11-03 06:00;155029336;553199856;0;0;101159424;175890344;256188760;729090200
1635908460;2021-11-03 06:01;175038624;604681032;0;0;100823168;205018400;275861792;809699432
1635908520;2021-11-03 06:02;175908560;641689208;0;0;100912600;158442424;276821160;800131632
1635908580;2021-11-03 06:03;250133320;654073352;0;0;96840848;165465904;346974168;819539256
1635908640;2021-11-03 06:04;154953328;652573680;0;0;0;0;154953328;652573680
1635908700;2021-11-03 06:05;151131880;653117040;0;0;101940392;161983760;253072272;815100800
1635908760;2021-11-03 06:06;162079736;585143824;0;0;105893888;204529792;267973624;789673616
1635908820;2021-11-03 06:07;160844008;606681000;0;0;100135584;198192336;260979592;804873336
1635908880;2021-11-03 06:08;172283368;743561584;0;0;100295840;188634784;272579208;932196368
1635908940;2021-11-03 06:09;177593216;746748896;0;0;96776328;205887872;274369544;952636768
1635909000;2021-11-03 06:10;181933456;709746040;0;0;103480640;224716224;285414096;934462264
1635909060;2021-11-03 06:11;177602536;682446792;0;0;100782008;236047328;278384544;918494120
1635909120;2021-11-03 06:12;177478992;607309544;0;0;101864208;217420352;279343200;824729896
1635909180;2021-11-03 06:13;162342544;477982824;0;0;100361160;170896248;262703704;648879072
1635909240;2021-11-03 06:14;172371432;464940176;0;0;99613312;219476640;271984744;684416816
1635909300;2021-11-03 06:15;154059216;448940248;0;0;107094960;207831352;261154176;656771600
1635909360;2021-11-03 06:16;166892192;476848640;0;0;103763160;226775288;270655352;703623928
1635909420;2021-11-03 06:17;261314552;576663208;0;0;100188216;256900688;361502768;833563896
1635909480;2021-11-03 06:18;215621080;454107472;0;0;100465272;210733464;316086352;664840936
1635909540;2021-11-03 06:19;133384016;440154232;0;0;100281176;218727800;233665192;658882032
1635909600;2021-11-03 06:20;143795680;545432088;0;0;97270392;205749760;241066072;751181848
1635909660;2021-11-03 06:21;165198424;478294000;0;0;102255608;208626160;267454032;686920160
1635909720;2021-11-03 06:22;144371088;462344072;0;0;101733992;216907576;246105080;679251648
1635909780;2021-11-03 06:23;155145920;437814320;0;0;99543048;218176472;254688968;655990792
1635909840;2021-11-03 06:24;141718064;404896856;0;0;100043560;252857304;241761624;657754160
1635909900;2021-11-03 06:25;163644632;436245512;0;0;107130152;247950256;270774784;684195768
1635909960;2021-11-03 06:26;181048184;459939312;0;0;99880848;205129192;280929032;665068504
1635910020;2021-11-03 06:27;161154464;445884776;0;0;100928240;196158448;262082704;642043224
1635910080;2021-11-03 06:28;158077360;417596232;0;0;103245992;196069736;261323352;613665968
1635910140;2021-11-03 06:29;163829160;422194304;0;0;100844408;200944376;264673568;623138680
1635910200;2021-11-03 06:30;175255816;465807688;0;0;98631232;209297656;273887048;675105344
1635910260;2021-11-03 06:31;220210304;641479728;0;0;98834752;228130768;319045056;869610496
1635910320;2021-11-03 06:32;215407328;578096520;0;0;100727296;219087184;316134624;797183704
1635910380;2021-11-03 06:33;178988072;634481360;0;0;97647360;210052664;276635432;844534024
1635910440;2021-11-03 06:34;187522768;523388896;0;0;97767368;182222280;285290136;705611176
1635910500;2021-11-03 06:35;184554568;519762864;0;0;109107632;210845648;293662200;730608512
1635910560;2021-11-03 06:36;195537288;477572000;0;0;101189480;196954016;296726768;674526016
1635910620;2021-11-03 06:37;167926616;527991312;0;0;100665952;214712408;268592568;742703720
1635910680;2021-11-03 06:38;160324368;459099688;0;0;103110056;241495152;263434424;700594840
1635910740;2021-11-03 06:39;160077592;440410664;0;0;97699856;201263808;257777448;641674472
1635910800;2021-11-03 06:40;192219384;459861504;0;0;100633920;218493776;292853304;678355280
1635910860;2021-11-03 06:41;163234592;439890008;0;0;99990832;218098664;263225424;657988672
1635910920;2021-11-03 06:42;166850136;447687816;0;0;99497248;194735752;266347384;642423568
1635910980;2021-11-03 06:43;155805136;453872288;0;0;101974000;214799648;257779136;668671936
1635911040;2021-11-03 06:44;151007216;440080384;0;0;98993568;203551224;250000784;643631608
1635911100;2021-11-03 06:45;162437160;449800144;0;0;105055232;173361952;267492392;623162096
1635911160;2021-11-03 06:46;321924200;474812312;0;0;103530944;213949736;425455144;688762048
1635911220;2021-11-03 06:47;245582016;439010168;0;0;99251768;214174248;344833784;653184416
1635911280;2021-11-03 06:48;154556208;458359392;0;0;98641192;174820800;253197400;633180192
1635911340;2021-11-03 06:49;150836632;448588248;0;0;101023416;187560064;251860048;636148312
1635911400;2021-11-03 06:50;144778032;412183960;0;0;99473448;188925608;244251480;601109568
1635911460;2021-11-03 06:51;167561632;452887464;0;0;101848928;214405160;269410560;667292624
1635911520;2021-11-03 06:52;171018088;469651928;0;0;97315544;169031560;268333632;638683488
1635911580;2021-11-03 06:53;159000816;461394312;0;0;98772584;203996192;257773400;665390504
1635911640;2021-11-03 06:54;157676472;462771640;0;0;99225752;228493336;256902224;691264976
1635911700;2021-11-03 06:55;167312504;477456208;0;0;104706888;162859152;272019392;640315360
1635911760;2021-11-03 06:56;159663424;478631160;0;0;102662488;236564592;262325912;715195752
1635911820;2021-11-03 06:57;158521512;449179592;0;0;97881240;229341848;256402752;678521440
1635911880;2021-11-03 06:58;193236536;451375464;0;0;98459032;202474024;291695568;653849488
1635911940;2021-11-03 06:59;203829240;454255552;0;0;101355120;219764656;305184360;674020208
1635912000;2021-11-03 07:00;187809112;448187232;0;0;99330152;230290152;287139264;678477384
1635912060;2021-11-03 07:01;314638104;488745768;0;0;118307728;202133728;432945832;690879496
1635912120;2021-11-03 07:02;162664464;509235488;0;0;144277360;236339344;306941824;745574832
1635912180;2021-11-03 07:03;170902320;513737240;0;0;144659008;241624872;315561328;755362112
1635912240;2021-11-03 07:04;141229120;524834448;0;0;115214864;236046952;256443984;760881400
1635912300;2021-11-03 07:05;134533072;515129824;0;0;105135160;211166752;239668232;726296576
1635912360;2021-11-03 07:06;143544368;548502040;0;0;100323968;213670760;243868336;762172800
1635912420;2021-11-03 07:07;157163696;574513032;0;0;102458616;243402328;259622312;817915360
1635912480;2021-11-03 07:08;186980888;753340584;0;0;99303544;253984256;286284432;1007324840
1635912540;2021-11-03 07:09;173554104;612664984;0;0;101686352;243335304;275240456;856000288
1635912600;2021-11-03 07:10;146823720;630181272;0;0;100087656;234037320;246911376;864218592
1635912660;2021-11-03 07:11;162630944;674019936;0;0;101517528;235120144;264148472;909140080
1635912720;2021-11-03 07:12;174467560;571245776;0;0;101473440;275357344;275941000;846603120
1635912780;2021-11-03 07:13;165719800;543104312;0;0;92790712;303737776;258510512;846842088
1635912840;2021-11-03 07:14;177117824;468990240;0;0;106633152;257641720;283750976;726631960
1635912900;2021-11-03 07:15;172681728;611756776;0;0;105855840;265916080;278537568;877672856
1635912960;2021-11-03 07:16;191205504;486930232;0;0;100022944;271961624;291228448;758891856
1635913020;2021-11-03 07:17;181042200;588521464;0;0;133632288;275489208;314674488;864010672
1635913080;2021-11-03 07:18;185507808;587524344;0;0;148527616;269488520;334035424;857012864
1635913140;2021-11-03 07:19;173289336;502006272;0;0;145706952;247086512;318996288;749092784
1635913200;2021-11-03 07:20;159149664;537500144;0;0;106083208;250691248;265232872;788191392
1635913260;2021-11-03 07:21;175380472;520339032;0;0;101953104;215622040;277333576;735961072
1635913320;2021-11-03 07:22;227084216;490400448;0;0;100551528;220656992;327635744;711057440
1635913380;2021-11-03 07:23;224964672;529917904;0;0;100532696;247526832;325497368;777444736
1635913440;2021-11-03 07:24;208129088;508766592;0;0;101741648;204362136;309870736;713128728
1635913500;2021-11-03 07:25;237520808;529618712;0;0;108496312;269704192;346017120;799322904
1635913560;2021-11-03 07:26;217044696;560013648;0;0;99001680;228340480;316046376;788354128
1635913620;2021-11-03 07:27;189406448;573461352;0;0;106443008;224158152;295849456;797619504
1635913680;2021-11-03 07:28;179038656;559053848;0;0;101362024;257496928;280400680;816550776
1635913740;2021-11-03 07:29;172505104;547825344;0;0;101682808;207901672;274187912;755727016
1635913800;2021-11-03 07:30;185944240;549129144;0;0;100803896;216215704;286748136;765344848
1635913860;2021-11-03 07:31;196962808;565577456;0;0;102834928;207040408;299797736;772617864
1635913920;2021-11-03 07:32;186148456;567196048;0;0;133169600;253611408;319318056;820807456
1635913980;2021-11-03 07:33;185138464;586366064;0;0;145197960;255534552;330336424;841900616
1635914040;2021-11-03 07:34;184732008;563073280;0;0;146188920;272589864;330920928;835663144
1635914100;2021-11-03 07:35;173532704;572694600;0;0;109965360;288400720;283498064;861095320
1635914160;2021-11-03 07:36;186266024;582538080;0;0;101001584;265511376;287267608;848049456
1635914220;2021-11-03 07:37;190118520;594264024;0;0;102818400;232977736;292936920;827241760
1635914280;2021-11-03 07:38;197003832;557974328;0;0;102939064;269304864;299942896;827279192
1635914340;2021-11-03 07:39;170661728;533715808;0;0;100295296;285908632;270957024;819624440
1635914400;2021-11-03 07:40;222463392;554600976;0;0;103289800;231837160;325753192;786438136
1635914460;2021-11-03 07:41;176505824;504553256;0;0;104696416;251629512;281202240;756182768
1635914520;2021-11-03 07:42;177218864;577031608;0;0;106485216;266787760;283704080;843819368
1635914580;2021-11-03 07:43;171154392;560204048;0;0;104354872;282683392;275509264;842887440
1635914640;2021-11-03 07:44;158448256;541386720;0;0;100099056;272041400;258547312;813428120
1635914700;2021-11-03 07:45;188582320;595012632;0;0;107560296;281284872;296142616;876297504
1635914760;2021-11-03 07:46;202183144;554717712;0;0;100579400;279238648;302762544;833956360
1635914820;2021-11-03 07:47;185476112;594184472;0;0;121162712;290251664;306638824;884436136
1635914880;2021-11-03 07:48;182856488;582393960;0;0;116389640;284514304;299246128;866908264
1635914940;2021-11-03 07:49;160141960;556086112;0;0;113467768;297703976;273609728;853790088
1635915000;2021-11-03 07:50;178019968;588950576;0;0;71716912;312320760;249736880;901271336
1635915060;2021-11-03 07:51;180249296;570493832;0;0;72267968;290710480;252517264;861204312
1635915120;2021-11-03 07:52;165127184;608906664;0;0;68810152;300584448;233937336;909491112
1635915180;2021-11-03 07:53;164480040;573846440;0;0;68813776;321375960;233293816;895222400
1635915240;2021-11-03 07:54;167489616;575376808;0;0;74058440;307393216;241548056;882770024
1635915300;2021-11-03 07:55;200182760;626486656;0;0;75849216;286695640;276031976;913182296
1635915360;2021-11-03 07:56;177728504;589787576;0;0;73859912;300792264;251588416;890579840
1635915420;2021-11-03 07:57;226794536;627721920;0;0;73085040;315321976;299879576;943043896
1635915480;2021-11-03 07:58;188635904;667347728;0;0;70550744;262816304;259186648;930164032
1635915540;2021-11-03 07:59;184933168;600639168;0;0;73120376;312435600;258053544;913074768
1635915600;2021-11-03 08:00;189658240;632661496;0;0;72756040;303666952;262414280;936328448
1635915660;2021-11-03 08:01;219032552;746488288;0;0;78328000;302530432;297360552;1049018720
1635915720;2021-11-03 08:02;237201384;703391632;0;0;77491888;347267760;314693272;1050659392
1635915780;2021-11-03 08:03;210924024;733516320;0;0;77770896;319025440;288694920;1052541760
1635915840;2021-11-03 08:04;193625856;733425552;0;0;74511232;295120712;268137088;1028546264
1635915900;2021-11-03 08:05;196851584;776606800;0;0;80448552;269759856;277300136;1046366656
1635915960;2021-11-03 08:06;202060296;750285744;0;0;73498264;295730640;275558560;1046016384
1635916020;2021-11-03 08:07;194820352;736144104;0;0;73298272;309780664;268118624;1045924768
1635916080;2021-11-03 08:08;181526368;701935488;0;0;70606776;285265192;252133144;987200680
1635916140;2021-11-03 08:09;199320944;766573384;0;0;72217064;273000680;271538008;1039574064
1635916200;2021-11-03 08:10;210736864;729126176;0;0;73395736;288668960;284132600;1017795136
1635916260;2021-11-03 08:11;207451216;808558216;0;0;70691600;279196192;278142816;1087754408
1635916320;2021-11-03 08:12;213946888;731863704;0;0;72761464;301681464;286708352;1033545168
1635916380;2021-11-03 08:13;208287808;692435040;0;0;71810112;294585040;280097920;987020080
1635916440;2021-11-03 08:14;194868680;686280272;0;0;71816952;333622176;266685632;1019902448
1635916500;2021-11-03 08:15;225591872;704246336;0;0;74251688;338151656;299843560;1042397992
1635916560;2021-11-03 08:16;214231208;719206816;0;0;96272832;334587848;310504040;1053794664
1635916620;2021-11-03 08:17;210130832;734947576;0;0;72378176;378789464;282509008;1113737040
1635916680;2021-11-03 08:18;207466720;678407752;0;0;70180976;373183032;277647696;1051590784
1635916740;2021-11-03 08:19;207476432;694859800;0;0;74061312;363514568;281537744;1058374368
1635916800;2021-11-03 08:20;207949984;692183960;0;0;88411432;373207840;296361416;1065391800
1635916860;2021-11-03 08:21;229925904;693032040;0;0;88319856;339195536;318245760;1032227576
1635916920;2021-11-03 08:22;210349848;675577224;0;0;92038480;340647248;302388328;1016224472
1635916980;2021-11-03 08:23;218761368;701780968;0;0;74983608;287390552;293744976;989171520
1635917040;2021-11-03 08:24;211554080;681010888;0;0;76855720;365012728;288409800;1046023616
1635917100;2021-11-03 08:25;222033920;760427280;0;0;69916608;407203504;291950528;1167630784
1635917160;2021-11-03 08:26;255900312;739499680;0;0;77241640;353533856;333141952;1093033536
1635917220;2021-11-03 08:27;268077112;719563632;0;0;80500576;309880368;348577688;1029444000
1635917280;2021-11-03 08:28;251997144;721518488;0;0;81280656;351190648;333277800;1072709136
1635917340;2021-11-03 08:29;212389216;743780688;0;0;73549896;320405056;285939112;1064185744
1635917400;2021-11-03 08:30;215126712;765812960;0;0;67305664;324620064;282432376;1090433024
1635917460;2021-11-03 08:31;224155096;768620776;0;0;97331280;348385824;321486376;1117006600
1635917520;2021-11-03 08:32;218721264;754518912;0;0;68993840;353698472;287715104;1108217384
1635917580;2021-11-03 08:33;226878016;797462496;0;0;75208088;365348568;302086104;1162811064
1635917640;2021-11-03 08:34;232537320;781521264;0;0;71423808;374445544;303961128;1155966808
1635917700;2021-11-03 08:35;236059048;810014424;0;0;84663440;413447360;320722488;1223461784
1635917760;2021-11-03 08:36;239574456;851301616;0;0;73990408;352779032;313564864;1204080648
1635917820;2021-11-03 08:37;229596208;806317288;0;0;79838528;399750784;309434736;1206068072
1635917880;2021-11-03 08:38;223739040;798212840;0;0;65122976;374104232;288862016;1172317072
1635917940;2021-11-03 08:39;227721728;814214440;0;0;82626624;359836352;310348352;1174050792
1635918000;2021-11-03 08:40;227640784;727418720;0;0;79000384;304290056;306641168;1031708776
1635918060;2021-11-03 08:41;238062664;851850120;0;0;77799592;328675560;315862256;1180525680
1635918120;2021-11-03 08:42;247472856;846911808;0;0;70626640;366960184;318099496;1213871992
1635918180;2021-11-03 08:43;228718312;831925320;0;0;66156200;375916112;294874512;1207841432
1635918240;2021-11-03 08:44;228477448;698220944;0;0;72425232;391947840;300902680;1090168784
1635918300;2021-11-03 08:45;250877824;815278688;0;0;76933744;394366696;327811568;1209645384
1635918360;2021-11-03 08:46;246182304;833113000;0;0;86999968;378973608;333182272;1212086608
1635918420;2021-11-03 08:47;231750568;912104024;0;0;84105016;391320400;315855584;1303424424
1635918480;2021-11-03 08:48;246806968;855465120;0;0;85446128;428377328;332253096;1283842448
1635918540;2021-11-03 08:49;244731496;876198224;0;0;90785472;368473520;335516968;1244671744
1635918600;2021-11-03 08:50;269680240;793870688;0;0;87195344;428337264;356875584;1222207952
1635918660;2021-11-03 08:51;226553040;844439432;0;0;84267344;407498736;310820384;1251938168
1635918720;2021-11-03 08:52;223760920;894770952;0;0;74454560;479738248;298215480;1374509200
1635918780;2021-11-03 08:53;236745552;1044229360;0;0;81028448;478803968;317774000;1523033328
1635918840;2021-11-03 08:54;223006872;907961960;0;0;71879240;515664152;294886112;1423626112
1635918900;2021-11-03 08:55;278288440;1041894448;0;0;82090464;569340000;360378904;1611234448
1635918960;2021-11-03 08:56;266497432;976899216;0;0;83383184;519323872;349880616;1496223088
1635919020;2021-11-03 08:57;265831216;974162776;0;0;90239448;556704680;356070664;1530867456
1635919080;2021-11-03 08:58;253896024;1032307416;0;0;82350440;493305280;336246464;1525612696
1635919140;2021-11-03 08:59;255156304;1081477360;0;0;80943704;497561296;336100008;1579038656
1635919200;2021-11-03 09:00;265004240;1080293408;0;0;80682000;495430832;345686240;1575724240
1635919260;2021-11-03 09:01;301828664;1064719920;0;0;105556648;560434904;407385312;1625154824
1635919320;2021-11-03 09:02;293073944;1123744456;0;0;91825704;533915808;384899648;1657660264
1635919380;2021-11-03 09:03;316643072;1150741512;0;0;82348152;538760584;398991224;1689502096
1635919440;2021-11-03 09:04;348449632;1081861680;0;0;83856632;524466528;432306264;1606328208
1635919500;2021-11-03 09:05;319788240;1155862384;0;0;82507496;609714008;402295736;1765576392
1635919560;2021-11-03 09:06;311322496;992200256;0;0;83364960;563079176;394687456;1555279432
1635919620;2021-11-03 09:07;322428176;1140084592;0;0;82578608;592292304;405006784;1732376896
1635919680;2021-11-03 09:08;337603448;1087839752;0;0;78398296;589857816;416001744;1677697568
1635919740;2021-11-03 09:09;318441704;1093620392;0;0;77125392;621837168;395567096;1715457560
1635919800;2021-11-03 09:10;324599488;1170838856;0;0;79720312;667984448;404319800;1838823304
1635919860;2021-11-03 09:11;302552296;1176935272;0;0;80094448;622543464;382646744;1799478736
1635919920;2021-11-03 09:12;287064224;1013687104;0;0;74386152;701114432;361450376;1714801536
1635919980;2021-11-03 09:13;291652816;957178040;0;0;70691256;639845576;362344072;1597023616
1635920040;2021-11-03 09:14;258812352;964463520;0;0;94406320;641945712;353218672;1606409232
1635920100;2021-11-03 09:15;277141872;946412592;0;0;86062392;634896496;363204264;1581309088
1635920160;2021-11-03 09:16;309820520;1078120304;0;0;76447592;605697840;386268112;1683818144
1635920220;2021-11-03 09:17;284777944;992242312;0;0;132676000;537939392;417453944;1530181704
1635920280;2021-11-03 09:18;269341784;975768896;0;0;102519552;589073472;371861336;1564842368
1635920340;2021-11-03 09:19;292939512;989341456;0;0;74954704;600020640;367894216;1589362096
1635920400;2021-11-03 09:20;261963672;1193709472;0;0;75433568;599999816;337397240;1793709288
1635920460;2021-11-03 09:21;288844080;1156662584;0;0;80642192;605419520;369486272;1762082104
1635920520;2021-11-03 09:22;307381648;1070523072;0;0;71927256;579061424;379308904;1649584496
1635920580;2021-11-03 09:23;306593488;974782304;0;0;74311416;552278696;380904904;1527061000
1635920640;2021-11-03 09:24;286764976;1011925416;0;0;77810608;557650480;364575584;1569575896
1635920700;2021-11-03 09:25;282544080;986495904;0;0;85201568;584496304;367745648;1570992208
1635920760;2021-11-03 09:26;366571856;1103951016;0;0;89497016;510839168;456068872;1614790184
1635920820;2021-11-03 09:27;374390640;1046430552;0;0;88531848;572563912;462922488;1618994464
1635920880;2021-11-03 09:28;332604560;1095231152;0;0;90299576;573445328;422904136;1668676480
1635920940;2021-11-03 09:29;327388888;943662808;0;0;85208872;547803560;412597760;1491466368
1635921000;2021-11-03 09:30;363111360;1206026512;0;0;103264624;613906904;466375984;1819933416
1635921060;2021-11-03 09:31;321412592;1119607080;0;0;95010872;630845056;416423464;1750452136
1635921120;2021-11-03 09:32;323363104;1134023856;0;0;139111120;699484288;462474224;1833508144
1635921180;2021-11-03 09:33;300879880;1087996384;0;0;128158096;619262800;429037976;1707259184
1635921240;2021-11-03 09:34;292469592;1108469280;0;0;80426016;640075872;372895608;1748545152
1635921300;2021-11-03 09:35;317758664;1078494920;0;0;88197224;672088392;405955888;1750583312
1635921360;2021-11-03 09:36;280998424;1272490600;0;0;87874120;659065192;368872544;1931555792
1635921420;2021-11-03 09:37;289499968;1249072216;0;0;88138224;683363096;377638192;1932435312
1635921480;2021-11-03 09:38;293222248;1207786544;0;0;78088952;617175224;371311200;1824961768
1635921540;2021-11-03 09:39;297635832;1107393480;0;0;76887272;599558512;374523104;1706951992
1635921600;2021-11-03 09:40;308491672;1113513408;0;0;77427104;616659008;385918776;1730172416
1635921660;2021-11-03 09:41;269579048;1098781864;0;0;79491520;594559464;349070568;1693341328
1635921720;2021-11-03 09:42;284104376;1136025608;0;0;81513456;655989056;365617832;1792014664
1635921780;2021-11-03 09:43;283872976;1129229288;0;0;78515784;727065368;362388760;1856294656
1635921840;2021-11-03 09:44;290517488;1078534816;0;0;97499600;728641640;388017088;1807176456
1635921900;2021-11-03 09:45;292535872;1082009648;0;0;90813200;671917104;383349072;1753926752
1635921960;2021-11-03 09:46;311060480;1159366440;0;0;100321392;614927520;411381872;1774293960
1635922020;2021-11-03 09:47;277144064;1079308632;0;0;149392136;603352568;426536200;1682661200
1635922080;2021-11-03 09:48;294379920;1216187264;0;0;154079432;616744600;448459352;1832931864
1635922140;2021-11-03 09:49;311058616;1197589832;0;0;103946272;597726352;415004888;1795316184
1635922200;2021-11-03 09:50;321838632;1221132736;0;0;107465440;573735752;429304072;1794868488
1635922260;2021-11-03 09:51;303532920;1136831488;0;0;101741384;662331624;405274304;1799163112
1635922320;2021-11-03 09:52;310934320;1302097496;0;0;85317152;698552944;396251472;2000650440
1635922380;2021-11-03 09:53;318752632;1319329272;0;0;92782680;681594416;411535312;2000923688
1635922440;2021-11-03 09:54;312466976;1260714576;0;0;96568576;715776784;409035552;1976491360
1635922500;2021-11-03 09:55;325457480;1282139360;0;0;88898864;646408080;414356344;1928547440
1635922560;2021-11-03 09:56;406697592;1312361888;0;0;104944848;731597616;511642440;2043959504
1635922620;2021-11-03 09:57;430247712;1241987904;0;0;103454104;707151784;533701816;1949139688
1635922680;2021-11-03 09:58;459830632;1291177728;0;0;89002736;665183872;548833368;1956361600
1635922740;2021-11-03 09:59;467218464;1429846104;0;0;83114224;727908112;550332688;2157754216
1635922800;2021-11-03 10:00;458562064;1251675808;0;0;91623800;836167720;550185864;2087843528
1635922860;2021-11-03 10:01;444183168;1331972016;0;0;101142952;762044008;545326120;2094016024
1635922920;2021-11-03 10:02;438089336;1359967240;0;0;164026368;752801400;602115704;2112768640
1635922980;2021-11-03 10:03;421515840;1324384048;0;0;161712552;756565096;583228392;2080949144
1635923040;2021-11-03 10:04;500279208;1398431776;0;0;99694296;781948512;599973504;2180380288
1635923100;2021-11-03 10:05;417611184;1298347440;0;0;100452680;763204560;518063864;2061552000
1635923160;2021-11-03 10:06;404508488;1359207632;0;0;98772704;851140944;503281192;2210348576
1635923220;2021-11-03 10:07;429159424;1357411688;0;0;98685792;796278992;527845216;2153690680
1635923280;2021-11-03 10:08;417434392;1264953704;0;0;92128368;800243264;509562760;2065196968
1635923340;2021-11-03 10:09;406438536;0;0;0;98364416;884908168;504802952;884908168
1635923400;2021-11-03 10:10;434864904;1378403056;0;0;105901736;906789736;540766640;2285192792
1635923460;2021-11-03 10:11;465043408;1384662560;0;0;109225128;873052624;574268536;2257715184
1635923520;2021-11-03 10:12;473411896;1170616264;0;0;103149184;863751256;576561080;2034367520
1635923580;2021-11-03 10:13;480882048;1279325616;0;0;111088712;834973152;591970760;2114298768
1635923640;2021-11-03 10:14;462226464;1050140888;0;0;119541736;749249280;581768200;1799390168
1635923700;2021-11-03 10:15;478582808;1289230864;0;0;131862680;817324520;610445488;2106555384
1635923760;2021-11-03 10:16;448177536;1228442016;0;0;103988576;771106472;552166112;1999548488
1635923820;2021-11-03 10:17;451944616;1399052656;0;0;135998808;799246704;587943424;2198299360
1635923880;2021-11-03 10:18;438007632;1251279904;0;0;131256616;728130064;569264248;1979409968
1635923940;2021-11-03 10:19;425483584;1171956720;0;0;100707832;738270704;526191416;1910227424
1635924000;2021-11-03 10:20;427268200;1465313608;0;0;104800240;776008760;532068440;2241322368
1635924060;2021-11-03 10:21;444881144;1315347536;0;0;102843536;771691384;547724680;2087038920
1635924120;2021-11-03 10:22;447786352;1341766576;0;0;97612848;785093648;545399200;2126860224
1635924180;2021-11-03 10:23;412253648;1307792248;0;0;116760096;798587560;529013744;2106379808
1635924240;2021-11-03 10:24;405175360;1326672264;0;0;101683376;785503040;506858736;2112175304
1635924300;2021-11-03 10:25;473574008;1312347408;0;0;92530352;811013928;566104360;2123361336
1635924360;2021-11-03 10:26;466516360;1386891712;0;0;86103768;806750488;552620128;2193642200
1635924420;2021-11-03 10:27;519951088;1371074624;0;0;85655920;825446560;605607008;2196521184
1635924480;2021-11-03 10:28;501888248;1398743008;0;0;93763432;826656232;595651680;2225399240
1635924540;2021-11-03 10:29;513073464;1417185688;0;0;94924200;912797976;607997664;2329983664
1635924600;2021-11-03 10:30;498122664;1336642656;0;0;88037824;875220736;586160488;2211863392
1635924660;2021-11-03 10:31;498555080;1374595392;0;0;100255000;885499416;598810080;2260094808
1635924720;2021-11-03 10:32;523045704;1362161008;0;0;135651496;883639344;658697200;2245800352
1635924780;2021-11-03 10:33;473896312;1351448320;0;0;144068440;908912232;617964752;2260360552
1635924840;2021-11-03 10:34;484742496;1439502096;0;0;114113688;983255784;598856184;2422757880
1635924900;2021-11-03 10:35;475795232;1376480976;0;0;118467296;943942960;594262528;2320423936
1635924960;2021-11-03 10:36;460490296;1440271760;0;0;103322128;860905928;563812424;2301177688
1635925020;2021-11-03 10:37;529274832;1424850608;0;0;108026200;851979976;637301032;2276830584
1635925080;2021-11-03 10:38;449683880;1497677320;0;0;123205320;860373880;572889200;2358051200
1635925140;2021-11-03 10:39;477891120;1483504296;0;0;106819656;865014592;584710776;2348518888
1635925200;2021-11-03 10:40;476105528;1471735152;0;0;107420728;881123264;583526256;2352858416
1635925260;2021-11-03 10:41;500789048;1401079032;0;0;104672920;829513312;605461968;2230592344
1635925320;2021-11-03 10:42;523392560;1294685968;0;0;111669792;843699024;635062352;2138384992
1635925380;2021-11-03 10:43;538804352;1326548232;0;0;116328992;960978000;655133344;2287526232
1635925440;2021-11-03 10:44;475059648;1266382848;0;0;103778192;933583144;578837840;2199965992
1635925500;2021-11-03 10:45;582225472;1353201808;0;0;113900352;913307608;696125824;2266509416
1635925560;2021-11-03 10:46;565302704;1419459320;0;0;100808736;932673816;666111440;2352133136
1635925620;2021-11-03 10:47;555689216;1490766552;0;0;148835096;1041696424;704524312;2532462976
1635925680;2021-11-03 10:48;509220544;1346210872;0;0;146475648;866613168;655696192;2212824040
1635925740;2021-11-03 10:49;515851928;1259676192;0;0;119267880;819053320;635119808;2078729512
1635925800;2021-11-03 10:50;515317624;1368147840;0;0;97140848;843479080;612458472;2211626920
1635925860;2021-11-03 10:51;511738568;1439820136;0;0;100423640;857098144;612162208;2296918280
1635925920;2021-11-03 10:52;507400952;1375770784;0;0;99049240;850706216;606450192;2226477000
1635925980;2021-11-03 10:53;546411104;1383467200;0;0;97016032;888714896;643427136;2272182096
1635926040;2021-11-03 10:54;524444856;1374882800;0;0;97345744;928513376;621790600;2303396176
1635926100;2021-11-03 10:55;515697080;1527449504;0;0;106140584;932975760;621837664;2460425264
1635926160;2021-11-03 10:56;492764608;1399744248;0;0;99856784;953984792;592621392;2353729040
1635926220;2021-11-03 10:57;517905640;1378115144;0;0;98844968;956048992;616750608;2334164136
1635926280;2021-11-03 10:58;528862952;1453805992;0;0;109683336;832258384;638546288;2286064376
1635926340;2021-11-03 10:59;531941056;1363937168;0;0;106783728;829296312;638724784;2193233480
1635926400;2021-11-03 11:00;538520616;1425741168;0;0;95067448;838350392;633588064;2264091560
1635926460;2021-11-03 11:01;523210464;1583281360;0;0;85559608;842395232;608770072;2425676592
1635926520;2021-11-03 11:02;558153848;1522370600;0;0;125571848;942272752;683725696;2464643352
1635926580;2021-11-03 11:03;560129736;1494524208;0;0;149648712;932060352;709778448;2426584560
1635926640;2021-11-03 11:04;616467144;1552155520;0;0;118828824;944955960;735295968;2497111480
1635926700;2021-11-03 11:05;545291208;1486398560;0;0;96006480;889240160;641297688;2375638720
1635926760;2021-11-03 11:06;555692168;1462670888;0;0;95343200;812924080;651035368;2275594968
1635926820;2021-11-03 11:07;544996440;1476325544;0;0;88451696;861643272;633448136;2337968816
1635926880;2021-11-03 11:08;545348800;1474441680;0;0;101170928;841026312;646519728;2315467992
1635926940;2021-11-03 11:09;545272816;1479991552;0;0;105070640;946944224;650343456;2426935776
1635927000;2021-11-03 11:10;510333352;1437270592;0;0;108877608;891650592;619210960;2328921184
1635927060;2021-11-03 11:11;519426280;1503830064;0;0;102951552;873074840;622377832;2376904904
1635927120;2021-11-03 11:12;482553376;1524615704;0;0;109858064;938499264;592411440;2463114968
1635927180;2021-11-03 11:13;486961688;1537865568;0;0;116604112;912945640;603565800;2450811208
1635927240;2021-11-03 11:14;523096280;1423154920;0;0;110767168;920392216;633863448;2343547136
1635927300;2021-11-03 11:15;567452888;1345572192;0;0;112321744;880038312;679774632;2225610504
1635927360;2021-11-03 11:16;562649680;1533918544;0;0;113871608;808797016;676521288;2342715560
1635927420;2021-11-03 11:17;613847728;1574392488;0;0;143051280;900135848;756899008;2474528336
1635927480;2021-11-03 11:18;563896840;1541559560;0;0;159888600;856874624;723785440;2398434184
1635927540;2021-11-03 11:19;509801216;1482363680;0;0;136156664;862413712;645957880;2344777392
1635927600;2021-11-03 11:20;742587608;1507865728;0;0;114975960;834940976;857563568;2342806704
1635927660;2021-11-03 11:21;710915560;1616716128;0;0;103758328;828201624;814673888;2444917752
1635927720;2021-11-03 11:22;536690376;1529216888;0;0;99900968;829689328;636591344;2358906216
1635927780;2021-11-03 11:23;533185784;1358332648;0;0;111626888;812930632;644812672;2171263280
1635927840;2021-11-03 11:24;535125368;1356226656;0;0;112734824;829285968;647860192;2185512624
1635927900;2021-11-03 11:25;554297808;1569100648;0;0;119647560;825535712;673945368;2394636360
1635927960;2021-11-03 11:26;571990880;1529325408;0;0;116076008;855726624;688066888;2385052032
1635928020;2021-11-03 11:27;570764184;1597577752;0;0;113311128;831851744;684075312;2429429496
1635928080;2021-11-03 11:28;545676920;1641493536;0;0;110948168;824581960;656625088;2466075496
1635928140;2021-11-03 11:29;576572776;1454840224;0;0;122850592;976112096;699423368;2430952320
1635928200;2021-11-03 11:30;546694712;1426035608;0;0;119993440;935542392;666688152;2361578000
1635928260;2021-11-03 11:31;531284584;1332536920;0;0;140499680;919171936;671784264;2251708856
1635928320;2021-11-03 11:32;568741072;1436428056;0;0;140268088;843518992;709009160;2279947048
1635928380;2021-11-03 11:33;539109472;1401860304;0;0;192803576;846494568;731913048;2248354872
1635928440;2021-11-03 11:34;588675544;1315962712;0;0;155205056;907963248;743880600;2223925960
1635928500;2021-11-03 11:35;584296752;1597841656;0;0;123326336;973442800;707623088;2571284456
1635928560;2021-11-03 11:36;540742800;1453420576;0;0;142383384;1043863368;683126184;2497283944
1635928620;2021-11-03 11:37;563883776;1455335264;0;0;128170160;863960360;692053936;2319295624
1635928680;2021-11-03 11:38;533075200;1358325640;0;0;121449456;964386816;654524656;2322712456
1635928740;2021-11-03 11:39;532101336;1442249824;0;0;134060168;882425160;666161504;2324674984
1635928800;2021-11-03 11:40;509103088;1394454160;0;0;110742464;853423680;619845552;2247877840
1635928860;2021-11-03 11:41;549566648;1470924392;0;0;125388056;862798336;674954704;2333722728
1635928920;2021-11-03 11:42;538648696;1415714016;0;0;121305552;904927136;659954248;2320641152
1635928980;2021-11-03 11:43;558355816;1477417048;0;0;114905048;941446640;673260864;2418863688
1635929040;2021-11-03 11:44;580371376;1486924208;0;0;125589456;969139104;705960832;2456063312
1635929100;2021-11-03 11:45;606850152;1529713192;0;0;139131040;962068408;745981192;2491781600
1635929160;2021-11-03 11:46;569210160;1585723696;0;0;139491352;962812152;708701512;2548535848
1635929220;2021-11-03 11:47;511996040;1474460024;0;0;125903832;932418368;637899872;2406878392
1635929280;2021-11-03 11:48;522775736;1474663120;0;0;161851704;940347280;684627440;2415010400
1635929340;2021-11-03 11:49;506760720;1476275896;0;0;164597080;962543944;671357800;2438819840
1635929400;2021-11-03 11:50;517060256;1416190680;0;0;148628104;1001690848;665688360;2417881528
1635929460;2021-11-03 11:51;558603960;1481541688;0;0;131264624;989614224;689868584;2471155912
1635929520;2021-11-03 11:52;545419096;1456101920;0;0;141830152;901473224;687249248;2357575144
1635929580;2021-11-03 11:53;560423840;1550431968;0;0;148547712;864555720;708971552;2414987688
1635929640;2021-11-03 11:54;574240400;1459572080;0;0;131131432;1005948680;705371832;2465520760
1635929700;2021-11-03 11:55;573368032;1599619768;0;0;130701896;894619792;704069928;2494239560
1635929760;2021-11-03 11:56;561255936;1487124008;0;0;108456392;876948256;669712328;2364072264
1635929820;2021-11-03 11:57;565893688;1431245648;0;0;118457472;855723696;684351160;2286969344
1635929880;2021-11-03 11:58;571837208;1399454440;0;0;113165544;912410176;685002752;2311864616
1635929940;2021-11-03 11:59;536944816;1414328312;0;0;126740968;913695232;663685784;2328023544
1635930000;2021-11-03 12:00;546292528;1537901520;0;0;126137104;924443848;672429632;2462345368
1635930060;2021-11-03 12:01;574180920;1614516104;0;0;124746320;917425360;698927240;2531941464
1635930120;2021-11-03 12:02;566952360;1795021840;0;0;127470648;950120016;694423008;2745141856
1635930180;2021-11-03 12:03;660070528;1825819024;0;0;184666888;936360872;844737416;2762179896
1635930240;2021-11-03 12:04;579421240;1478879840;0;0;165335528;911523728;744756768;2390403568
1635930300;2021-11-03 12:05;575437064;1509542280;0;0;153702984;897142160;729140048;2406684440
1635930360;2021-11-03 12:06;627015056;1547429376;0;0;127489576;925273856;754504632;2472703232
1635930420;2021-11-03 12:07;620909864;1595913448;0;0;126671336;894925432;747581200;2490838880
1635930480;2021-11-03 12:08;599838256;1494126280;0;0;132293728;926305576;732131984;2420431856
1635930540;2021-11-03 12:09;581982472;1589096928;0;0;126407816;907618568;708390288;2496715496
1635930600;2021-11-03 12:10;591601352;1632278344;0;0;119565096;891344368;711166448;2523622712
1635930660;2021-11-03 12:11;524294952;1698235320;0;0;119657824;991262392;643952776;2689497712
1635930720;2021-11-03 12:12;550588712;1575018776;0;0;115762752;894876704;666351464;2469895480
1635930780;2021-11-03 12:13;536913016;1533481600;0;0;119435736;878387656;656348752;2411869256
1635930840;2021-11-03 12:14;531132440;1373466904;0;0;106930696;836966240;638063136;2210433144
1635930900;2021-11-03 12:15;538399808;1606218904;0;0;110848576;839625648;649248384;2445844552
1635930960;2021-11-03 12:16;558900120;1497686800;0;0;111551944;949891208;670452064;2447578008
1635931020;2021-11-03 12:17;547963880;1581804312;0;0;113847264;963699248;661811144;2545503560
1635931080;2021-11-03 12:18;611036560;1607438784;0;0;149231040;994030664;760267600;2601469448
1635931140;2021-11-03 12:19;574353488;1605130040;0;0;142078848;862794496;716432336;2467924536
1635931200;2021-11-03 12:20;554897904;1611662416;0;0;165423976;1057979232;720321880;2669641648
1635931260;2021-11-03 12:21;543862528;1630932256;0;0;141179072;967997752;685041600;2598930008
1635931320;2021-11-03 12:22;494879936;1561769120;0;0;108473912;911640400;603353848;2473409520
1635931380;2021-11-03 12:23;473415184;1591839112;0;0;131334736;989566144;604749920;2581405256
1635931440;2021-11-03 12:24;500957816;1433870040;0;0;124211680;932788520;625169496;2366658560
1635931500;2021-11-03 12:25;522356336;1779841672;0;0;113491176;958423840;635847512;2738265512
1635931560;2021-11-03 12:26;557961256;1619347592;0;0;103448944;962212480;661410200;2581560072
1635931620;2021-11-03 12:27;579067792;1609116872;0;0;116998856;957333304;696066648;2566450176
1635931680;2021-11-03 12:28;477564368;1518580864;0;0;128896408;936379848;606460776;2454960712
1635931740;2021-11-03 12:29;478434864;1604688496;0;0;108156264;1042106744;586591128;2646795240
1635931800;2021-11-03 12:30;515956072;1714474336;0;0;109623928;1009506160;625580000;2723980496
1635931860;2021-11-03 12:31;600849352;1643724448;0;0;115729224;1016883328;716578576;2660607776
1635931920;2021-11-03 12:32;619091840;1619955336;0;0;130205208;971809176;749297048;2591764512
1635931980;2021-11-03 12:33;591523344;1612310800;0;0;178551616;1004251200;770074960;2616562000
1635932040;2021-11-03 12:34;0;1580794096;0;0;168245288;993067200;168245288;2573861296
1635932100;2021-11-03 12:35;551391560;1671710520;0;0;182759912;981946728;734151472;2653657248
1635932160;2021-11-03 12:36;530036056;1583516808;0;0;131097200;945104112;661133256;2528620920
1635932220;2021-11-03 12:37;509003720;1617618872;0;0;126997912;945488952;636001632;2563107824
1635932280;2021-11-03 12:38;523740784;1617303632;0;0;116819328;1005025240;640560112;2622328872
1635932340;2021-11-03 12:39;514843808;1655673400;0;0;108028304;969198640;622872112;2624872040
1635932400;2021-11-03 12:40;546594712;1645590968;0;0;138189232;956941576;684783944;2602532544
1635932460;2021-11-03 12:41;526822424;1575652736;0;0;146381736;1015930488;673204160;2591583224
1635932520;2021-11-03 12:42;505194816;1585473440;0;0;153331360;956664128;658526176;2542137568
1635932580;2021-11-03 12:43;566055360;1607480288;0;0;94650128;975881784;660705488;2583362072
1635932640;2021-11-03 12:44;535104016;1464143904;0;0;87203728;865021368;622307744;2329165272
1635932700;2021-11-03 12:45;548801256;1619557800;0;0;94292432;935580664;643093688;2555138464
1635932760;2021-11-03 12:46;624925168;1661626904;0;0;97161000;841620704;722086168;2503247608
1635932820;2021-11-03 12:47;608821488;1768399544;0;0;101828056;950612008;710649544;2719011552
1635932880;2021-11-03 12:48;623700672;1696491208;0;0;101278992;909845024;724979664;2606336232
1635932940;2021-11-03 12:49;543170968;1671321512;0;0;103167184;983994808;646338152;2655316320
1635933000;2021-11-03 12:50;559765040;1693978024;0;0;112373496;992600512;672138536;2686578536
1635933060;2021-11-03 12:51;590934008;1658509176;0;0;123166872;988316432;714100880;2646825608
1635933120;2021-11-03 12:52;610429784;1625082520;0;0;102806392;960427688;713236176;2585510208
1635933180;2021-11-03 12:53;586253864;1604417472;0;0;98220432;987462696;684474296;2591880168
1635933240;2021-11-03 12:54;564000928;1512071200;0;0;107409328;965265360;671410256;2477336560
1635933300;2021-11-03 12:55;567355704;1552646504;0;0;117247936;935355048;684603640;2488001552
1635933360;2021-11-03 12:56;584421584;1473622232;0;0;160259016;1090376048;744680600;2563998280
1635933420;2021-11-03 12:57;580812008;1490451080;0;0;173021016;973374824;753833024;2463825904
1635933480;2021-11-03 12:58;572895352;1460260624;0;0;147797000;986143824;720692352;2446404448
1635933540;2021-11-03 12:59;575951984;1789378752;0;0;109008896;1051910312;684960880;2841289064
1635933600;2021-11-03 13:00;594251176;1645399920;0;0;101674464;1019225808;695925640;2664625728
1635933660;2021-11-03 13:01;612800688;1667028160;0;0;102893304;958391032;715693992;2625419192
1635933720;2021-11-03 13:02;604259080;1580067216;0;0;107072928;1018877296;711332008;2598944512
1635933780;2021-11-03 13:03;587508096;1623382664;0;0;93600000;1264773584;681108096;2888156248
1635933840;2021-11-03 13:04;596604416;1602177200;0;0;100663352;968715376;697267768;2570892576
1635933900;2021-11-03 13:05;590594248;1559120232;0;0;111660256;896222160;702254504;2455342392
1635933960;2021-11-03 13:06;620319640;1642041776;0;0;95062248;949780376;715381888;2591822152
1635934020;2021-11-03 13:07;620801144;1586535576;0;0;109458912;959037616;730260056;2545573192
1635934080;2021-11-03 13:08;617167888;1637974768;0;0;95428192;909925680;712596080;2547900448
1635934140;2021-11-03 13:09;635491768;1605512608;0;0;101600864;977823568;737092632;2583336176
1635934200;2021-11-03 13:10;683815216;1585013704;0;0;96864008;981865200;780679224;2566878904
1635934260;2021-11-03 13:11;633864680;1546526008;0;0;130880672;990390536;764745352;2536916544
1635934320;2021-11-03 13:12;603739160;1592409600;0;0;136019016;936759728;739758176;2529169328
1635934380;2021-11-03 13:13;633413888;1567851136;0;0;138028576;976995232;771442464;2544846368
1635934440;2021-11-03 13:14;661521696;1474837456;0;0;99476768;994595968;760998464;2469433424
1635934500;2021-11-03 13:15;624205416;1491574304;0;0;117908816;1064841048;742114232;2556415352
1635934560;2021-11-03 13:16;618269416;1549729976;0;0;104361784;990207200;722631200;2539937176
1635934620;2021-11-03 13:17;570901624;1464158536;0;0;104592648;966805232;675494272;2430963768
1635934680;2021-11-03 13:18;557066608;1455808152;0;0;105328680;949509768;662395288;2405317920
1635934740;2021-11-03 13:19;543973696;1416334448;0;0;96051840;928558176;640025536;2344892624
1635934800;2021-11-03 13:20;546101216;1571878288;0;0;96783584;954098240;642884800;2525976528
1635934860;2021-11-03 13:21;550154616;1674472512;0;0;96720864;974525736;646875480;2648998248
1635934920;2021-11-03 13:22;557676960;1550038936;0;0;101991656;1013476096;659668616;2563515032
1635934980;2021-11-03 13:23;526017320;1627839008;0;0;100002952;1009469224;626020272;2637308232
1635935040;2021-11-03 13:24;467718904;1446885200;0;0;96467992;961012528;564186896;2407897728
1635935100;2021-11-03 13:25;513512984;1548978960;0;0;103287128;1008983504;616800112;2557962464
1635935160;2021-11-03 13:26;518123584;1530618080;0;0;101580952;926385768;619704536;2457003848
1635935220;2021-11-03 13:27;560919216;1524908568;0;0;102089424;912379656;663008640;2437288224
1635935280;2021-11-03 13:28;556293544;1509372384;0;0;149829376;886244520;706122920;2395616904
1635935340;2021-11-03 13:29;527829344;1495793008;0;0;159917496;855859168;687746840;2351652176
1635935400;2021-11-03 13:30;516634184;1519048664;0;0;165180704;930693136;681814888;2449741800
1635935460;2021-11-03 13:31;548758480;1628872528;0;0;121844576;854195448;670603056;2483067976
1635935520;2021-11-03 13:32;514628008;1741836544;0;0;114567744;877775128;629195752;2619611672
1635935580;2021-11-03 13:33;508165240;1684671008;0;0;109735296;975625984;617900536;2660296992
1635935640;2021-11-03 13:34;517183328;1542368176;0;0;128659232;968827800;645842560;2511195976
1635935700;2021-11-03 13:35;532087640;1743453736;0;0;123963112;974149096;656050752;2717602832
1635935760;2021-11-03 13:36;520960096;1665196448;0;0;93116424;890952624;614076520;2556149072
1635935820;2021-11-03 13:37;557012472;1608378272;0;0;127309920;930547336;684322392;2538925608
1635935880;2021-11-03 13:38;539258448;1632222904;0;0;135589144;935485608;674847592;2567708512
1635935940;2021-11-03 13:39;525473360;1637842472;0;0;113124328;918165984;638597688;2556008456
1635936000;2021-11-03 13:40;540230688;1653142048;0;0;146026672;980517000;686257360;2633659048
1635936060;2021-11-03 13:41;567638456;1585322440;0;0;145003032;949526984;712641488;2534849424
1635936120;2021-11-03 13:42;554339728;1563618752;0;0;118736120;953545536;673075848;2517164288
1635936180;2021-11-03 13:43;584164016;1526489856;0;0;107381648;929093808;691545664;2455583664
1635936240;2021-11-03 13:44;691620128;1509912032;0;0;108360064;921956176;799980192;2431868208
1635936300;2021-11-03 13:45;635705456;1480134312;0;0;106466064;936853920;742171520;2416988232
1635936360;2021-11-03 13:46;603534792;1486586904;0;0;101955288;1063973480;705490080;2550560384
1635936420;2021-11-03 13:47;572508312;1487618112;0;0;99505784;1072554344;672014096;2560172456
1635936480;2021-11-03 13:48;536620800;1474451368;0;0;98828432;1026161416;635449232;2500612784
1635936540;2021-11-03 13:49;553328848;1461320928;0;0;106475800;1073931752;659804648;2535252680
1635936600;2021-11-03 13:50;507421520;1610338848;0;0;107676520;1051100488;615098040;2661439336
1635936660;2021-11-03 13:51;606330216;1590040688;0;0;101288816;1030173104;707619032;2620213792
1635936720;2021-11-03 13:52;542308176;1646072528;0;0;113958016;968276208;656266192;2614348736
1635936780;2021-11-03 13:53;541644648;1564757152;0;0;106819528;988553784;648464176;2553310936
1635936840;2021-11-03 13:54;547632560;1544794976;0;0;110482144;1072360408;658114704;2617155384
1635936900;2021-11-03 13:55;575397576;1513049016;0;0;109720480;1010101152;685118056;2523150168
1635936960;2021-11-03 13:56;565325760;1598268672;0;0;142910624;969227128;708236384;2567495800
1635937020;2021-11-03 13:57;548003256;1557764056;0;0;110955344;1000834992;658958600;2558599048
1635937080;2021-11-03 13:58;559560912;1544144720;0;0;126270928;1049645760;685831840;2593790480
1635937140;2021-11-03 13:59;550185928;1614661552;0;0;111289848;1169052088;661475776;2783713640
1635937200;2021-11-03 14:00;565587416;1596730704;0;0;120078136;1169235224;685665552;2765965928
1635937260;2021-11-03 14:01;592948240;1669796424;0;0;112498680;1253162864;705446920;2922959288
1635937320;2021-11-03 14:02;591394728;1613440504;0;0;138170560;1100543488;729565288;2713983992
1635937380;2021-11-03 14:03;630351800;1519579168;0;0;112274240;1007057456;742626040;2526636624
1635937440;2021-11-03 14:04;624021328;1598982880;0;0;96642768;985697648;720664096;2584680528
1635937500;2021-11-03 14:05;582019768;1576606368;0;0;112321816;1025697064;694341584;2602303432
1635937560;2021-11-03 14:06;569001896;1698934272;0;0;102897960;992399008;671899856;2691333280
1635937620;2021-11-03 14:07;612799208;1544881984;0;0;102236976;1022592704;715036184;2567474688
1635937680;2021-11-03 14:08;598858504;1630728056;0;0;101116456;1043506288;699974960;2674234344
1635937740;2021-11-03 14:09;575840800;1529823680;0;0;98584936;1029344208;674425736;2559167888
1635937800;2021-11-03 14:10;598461560;1702025080;0;0;119281816;1037593936;717743376;2739619016
1635937860;2021-11-03 14:11;577321720;1511976208;0;0;104561432;984988960;681883152;2496965168
1635937920;2021-11-03 14:12;627699376;1604489528;0;0;134117216;964584008;761816592;2569073536
1635937980;2021-11-03 14:13;603188480;1439100296;0;0;93599712;1024328712;696788192;2463429008
1635938040;2021-11-03 14:14;612506600;1428219464;0;0;89367240;942070240;701873840;2370289704
1635938100;2021-11-03 14:15;640741280;1600580560;0;0;90779024;1013527224;731520304;2614107784
1635938160;2021-11-03 14:16;602297272;1467060608;0;0;99033784;892457008;701331056;2359517616
1635938220;2021-11-03 14:17;544009104;1500436920;0;0;89319808;938952168;633328912;2439389088
1635938280;2021-11-03 14:18;682137424;1547163248;0;0;94801672;903406680;776939096;2450569928
1635938340;2021-11-03 14:19;573206120;1507007952;0;0;89787456;912994408;662993576;2420002360
1635938400;2021-11-03 14:20;607769256;1561481528;0;0;130609760;929498936;738379016;2490980464
1635938460;2021-11-03 14:21;624464160;1588690912;0;0;92104832;916319704;716568992;2505010616
1635938520;2021-11-03 14:22;653953776;1534596416;0;0;102969656;889795256;756923432;2424391672
1635938580;2021-11-03 14:23;614996368;1484799456;0;0;95907872;834195296;710904240;2318994752
1635938640;2021-11-03 14:24;551049944;1553090896;0;0;98319424;894824592;649369368;2447915488
1635938700;2021-11-03 14:25;684244720;1488860032;0;0;119203360;919787248;803448080;2408647280
1635938760;2021-11-03 14:26;688021120;1533101656;0;0;131014688;903302400;819035808;2436404056
1635938820;2021-11-03 14:27;700105624;1554930272;0;0;128663904;916027456;828769528;2470957728
1635938880;2021-11-03 14:28;652366888;1553483008;0;0;116129336;930999232;768496224;2484482240
1635938940;2021-11-03 14:29;632175848;1611337320;0;0;102740656;817177064;734916504;2428514384
1635939000;2021-11-03 14:30;663386912;1590146496;0;0;99911624;908375800;763298536;2498522296
1635939060;2021-11-03 14:31;679416648;1558878976;0;0;110909800;906825840;790326448;2465704816
1635939120;2021-11-03 14:32;704668960;1499087312;0;0;95111768;885454680;799780728;2384541992
1635939180;2021-11-03 14:33;685791824;1442781776;0;0;97474264;825851256;783266088;2268633032
1635939240;2021-11-03 14:34;684949696;1450394104;0;0;110049960;881975384;794999656;2332369488
1635939300;2021-11-03 14:35;698143720;1472537760;0;0;103120368;884128552;801264088;2356666312
1635939360;2021-11-03 14:36;671384520;1426400304;0;0;98388928;832154960;769773448;2258555264
1635939420;2021-11-03 14:37;675979304;1551946656;0;0;102949648;802966976;778928952;2354913632
1635939480;2021-11-03 14:38;681629904;1501225440;0;0;94567920;928849360;776197824;2430074800
1635939540;2021-11-03 14:39;642633256;1465702824;0;0;126678000;945485664;769311256;2411188488
1635939600;2021-11-03 14:40;632335320;1480870440;0;0;122352272;860556064;754687592;2341426504
1635939660;2021-11-03 14:41;651298832;1566861544;0;0;107869760;905584232;759168592;2472445776
1635939720;2021-11-03 14:42;656079608;1502715864;0;0;119891416;853840872;775971024;2356556736
1635939780;2021-11-03 14:43;668316624;1551620904;0;0;102701848;927705504;771018472;2479326408
1635939840;2021-11-03 14:44;666159264;1455329496;0;0;103810272;1005205920;769969536;2460535416
1635939900;2021-11-03 14:45;718406400;1401285464;0;0;112870208;979046864;831276608;2380332328
1635939960;2021-11-03 14:46;730891752;1524482456;0;0;103582864;910155424;834474616;2434637880
1635940020;2021-11-03 14:47;731293584;1478243128;0;0;114005528;945730584;845299112;2423973712
1635940080;2021-11-03 14:48;742678016;1456797296;0;0;123186592;904583792;865864608;2361381088
1635940140;2021-11-03 14:49;677999040;1364040768;0;0;130691496;988164040;808690536;2352204808
1635940200;2021-11-03 14:50;746318440;1544690184;0;0;126960400;1026599640;873278840;2571289824
1635940260;2021-11-03 14:51;679726024;1513620744;0;0;110879824;970757456;790605848;2484378200
1635940320;2021-11-03 14:52;699562360;1506361152;0;0;99365496;987491568;798927856;2493852720
1635940380;2021-11-03 14:53;677883408;1498828120;0;0;95817672;974622680;773701080;2473450800
1635940440;2021-11-03 14:54;653713056;1442876864;0;0;102031352;1014498048;755744408;2457374912
1635940500;2021-11-03 14:55;624096216;1471257840;0;0;141311864;1033016048;765408080;2504273888
1635940560;2021-11-03 14:56;630779760;1525776240;0;0;142649448;979841968;773429208;2505618208
1635940620;2021-11-03 14:57;648869088;1520663120;0;0;157807424;986055808;806676512;2506718928
1635940680;2021-11-03 14:58;656935088;1519781880;0;0;111754360;1023860216;768689448;2543642096
1635940740;2021-11-03 14:59;620394432;1424487192;0;0;106630944;1061455624;727025376;2485942816
1635940800;2021-11-03 15:00;633080608;1442399880;0;0;144844424;955446320;777925032;2397846200
1635940860;2021-11-03 15:01;623439296;1556024480;0;0;144204944;968850784;767644240;2524875264
1635940920;2021-11-03 15:02;655757584;1546794056;0;0;135427632;961772704;791185216;2508566760
1635940980;2021-11-03 15:03;617141216;1574116280;0;0;119311184;900169528;736452400;2474285808
1635941040;2021-11-03 15:04;618518352;1556060520;0;0;116607936;896202864;735126288;2452263384
1635941100;2021-11-03 15:05;609913152;1535171584;0;0;120147304;925246152;730060456;2460417736
1635941160;2021-11-03 15:06;599253824;1619475472;0;0;140473552;980334840;739727376;2599810312
1635941220;2021-11-03 15:07;564490184;1580262320;0;0;117081968;968511344;681572152;2548773664
1635941280;2021-11-03 15:08;576895048;1708644600;0;0;124226144;973014888;701121192;2681659488
1635941340;2021-11-03 15:09;591881000;1545477064;0;0;130104024;945543456;721985024;2491020520
1635941400;2021-11-03 15:10;628080120;1559546088;0;0;146418872;859497600;774498992;2419043688
1635941460;2021-11-03 15:11;690327256;1678064704;0;0;133230552;859208096;823557808;2537272800
1635941520;2021-11-03 15:12;578331320;1500854984;0;0;152963880;988732376;731295200;2489587360
1635941580;2021-11-03 15:13;632912920;1571802080;0;0;125024520;1027466368;757937440;2599268448
1635941640;2021-11-03 15:14;571935424;1606317984;0;0;128882928;1103245696;700818352;2709563680
1635941700;2021-11-03 15:15;633250224;1544357584;0;0;134859776;1089939568;768110000;2634297152
1635941760;2021-11-03 15:16;639238672;1584562872;0;0;148425512;972400120;787664184;2556962992
1635941820;2021-11-03 15:17;575605280;1562436536;0;0;134162528;864839680;709767808;2427276216
1635941880;2021-11-03 15:18;581808352;1547334112;0;0;126145280;877912976;707953632;2425247088
1635941940;2021-11-03 15:19;584630104;1573089880;0;0;122018568;878247912;706648672;2451337792
1635942000;2021-11-03 15:20;591907200;1546205768;0;0;121473888;983499304;713381088;2529705072
1635942060;2021-11-03 15:21;668398392;1519222960;0;0;113923560;843658952;782321952;2362881912
1635942120;2021-11-03 15:22;635632888;1561011848;0;0;120498200;859929960;756131088;2420941808
1635942180;2021-11-03 15:23;639671000;1516449960;0;0;113391528;820635920;753062528;2337085880
1635942240;2021-11-03 15:24;562740576;1476171304;0;0;114887360;941620864;677627936;2417792168
1635942300;2021-11-03 15:25;678533368;1505992008;0;0;143298480;907311496;821831848;2413303504
1635942360;2021-11-03 15:26;655188920;1405350616;0;0;123235784;959730712;778424704;2365081328
1635942420;2021-11-03 15:27;683937424;1457330168;0;0;165211432;941761656;849148856;2399091824
1635942480;2021-11-03 15:28;657631040;1367718016;0;0;135261240;1008701216;792892280;2376419232
1635942540;2021-11-03 15:29;628369192;1530729264;0;0;126367616;908969240;754736808;2439698504
1635942600;2021-11-03 15:30;700995776;1620504296;0;0;126226000;958163568;827221776;2578667864
1635942660;2021-11-03 15:31;627614120;1532781904;0;0;131902520;909045168;759516640;2441827072
1635942720;2021-11-03 15:32;651732032;1516181488;0;0;123713032;1055158728;775445064;2571340216
1635942780;2021-11-03 15:33;657296224;1490767224;0;0;128788592;1140362496;786084816;2631129720
1635942840;2021-11-03 15:34;693817032;1396660384;0;0;120253184;1111927952;814070216;2508588336
1635942900;2021-11-03 15:35;635350552;1459663360;0;0;122555008;1099955208;757905560;2559618568
1635942960;2021-11-03 15:36;699329928;1478142192;0;0;115339584;971684320;814669512;2449826512
1635943020;2021-11-03 15:37;645942744;1341656992;0;0;122031064;907155840;767973808;2248812832
1635943080;2021-11-03 15:38;660974384;1463832632;0;0;118969368;840890832;779943752;2304723464
1635943140;2021-11-03 15:39;669725800;1534397904;0;0;116722304;837447856;786448104;2371845760
1635943200;2021-11-03 15:40;673829944;1555278128;0;0;133046768;849164064;806876712;2404442192
1635943260;2021-11-03 15:41;643321136;1577190696;0;0;122371800;810783792;765692936;2387974488
1635943320;2021-11-03 15:42;644628184;1609540888;0;0;159633592;845840328;804261776;2455381216
1635943380;2021-11-03 15:43;620340352;1530839264;0;0;117219656;890563080;737560008;2421402344
1635943440;2021-11-03 15:44;653860560;1510004024;0;0;117309400;867767696;771169960;2377771720
1635943500;2021-11-03 15:45;644490872;1591929208;0;0;122793248;867401720;767284120;2459330928
1635943560;2021-11-03 15:46;706953880;1587967328;0;0;125517584;816076496;832471464;2404043824
1635943620;2021-11-03 15:47;685445856;1604128152;0;0;132526080;863585368;817971936;2467713520
1635943680;2021-11-03 15:48;693241440;1480949760;0;0;125492600;847449272;818734040;2328399032
1635943740;2021-11-03 15:49;686027160;1638707968;0;0;120683864;942584856;806711024;2581292824
1635943800;2021-11-03 15:50;721364544;1502794504;0;0;118248888;943401216;839613432;2446195720
1635943860;2021-11-03 15:51;705990256;1510992352;0;0;110556600;891565504;816546856;2402557856
1635943920;2021-11-03 15:52;662736920;1642982320;0;0;123230440;969854400;785967360;2612836720
1635943980;2021-11-03 15:53;676370320;1646354616;0;0;111122440;900643008;787492760;2546997624
1635944040;2021-11-03 15:54;716385392;1601185648;0;0;114410944;951447072;830796336;2552632720
1635944100;2021-11-03 15:55;748020920;1609879520;0;0;115368616;929508304;863389536;2539387824
1635944160;2021-11-03 15:56;708557408;1579899120;0;0;118263152;899245400;826820560;2479144520
1635944220;2021-11-03 15:57;710042312;1604842456;0;0;111693808;903544832;821736120;2508387288
1635944280;2021-11-03 15:58;755162320;1566759240;0;0;125191072;895304816;880353392;2462064056
1635944340;2021-11-03 15:59;748117728;1699908960;0;0;121298152;986606368;869415880;2686515328
1635944400;2021-11-03 16:00;732806728;1617716280;0;0;119727168;943649760;852533896;2561366040
1635944460;2021-11-03 16:01;793519600;1539074504;0;0;117458304;933271680;910977904;2472346184
1635944520;2021-11-03 16:02;764743408;1708125840;0;0;131040672;931242360;895784080;2639368200
1635944580;2021-11-03 16:03;731760456;1569605488;0;0;142869520;971220728;874629976;2540826216
1635944640;2021-11-03 16:04;760009976;1561505776;0;0;143518760;964724888;903528736;2526230664
1635944700;2021-11-03 16:05;662841320;1678926408;0;0;130799256;950482648;793640576;2629409056
1635944760;2021-11-03 16:06;680700296;1627095704;0;0;135086920;946504432;815787216;2573600136
1635944820;2021-11-03 16:07;715700112;1695826688;0;0;149027320;949490528;864727432;2645317216
1635944880;2021-11-03 16:08;746954128;1628340920;0;0;152287280;932045760;899241408;2560386680
1635944940;2021-11-03 16:09;709293216;1632921512;0;0;138691912;941597824;847985128;2574519336
1635945000;2021-11-03 16:10;803530336;1744084464;0;0;147186288;970596960;950716624;2714681424
1635945060;2021-11-03 16:11;806054400;1650382272;0;0;131849264;969252296;937903664;2619634568
1635945120;2021-11-03 16:12;840432720;1595464104;0;0;125263336;1020445136;965696056;2615909240
1635945180;2021-11-03 16:13;800297552;1651773128;0;0;164883072;910046336;965180624;2561819464
1635945240;2021-11-03 16:14;848188096;1575900368;0;0;175963784;843614408;1024151880;2419514776
1635945300;2021-11-03 16:15;813186752;1714582632;0;0;162745776;922739192;975932528;2637321824
1635945360;2021-11-03 16:16;672721184;1586029168;0;0;175542128;922866112;848263312;2508895280
1635945420;2021-11-03 16:17;509430552;1673896600;0;0;141118624;965802320;650549176;2639698920
1635945480;2021-11-03 16:18;414068424;1559625936;0;0;155818440;965548112;569886864;2525174048
1635945540;2021-11-03 16:19;429927968;1612146168;0;0;167622688;892963928;597550656;2505110096
1635945600;2021-11-03 16:20;393746032;1615980000;0;0;158956560;949426784;552702592;2565406784
1635945660;2021-11-03 16:21;453612912;1501311584;0;0;153438672;925575960;607051584;2426887544
1635945720;2021-11-03 16:22;392913704;1517290440;0;0;160395912;976633376;553309616;2493923816
1635945780;2021-11-03 16:23;395153464;1484856480;0;0;162192800;941798096;557346264;2426654576
1635945840;2021-11-03 16:24;384542088;1427672696;0;0;159600160;989960904;544142248;2417633600
1635945900;2021-11-03 16:25;402376040;1503943520;0;0;150375320;1001665424;552751360;2505608944
1635945960;2021-11-03 16:26;473032040;1531041544;0;0;140710008;951738920;613742048;2482780464
1635946020;2021-11-03 16:27;505969120;1456681704;0;0;178178384;1000734176;684147504;2457415880
1635946080;2021-11-03 16:28;411173040;1498287848;0;0;207793184;980700152;618966224;2478988000
1635946140;2021-11-03 16:29;490553592;1498121712;0;0;175824280;950697960;666377872;2448819672
1635946200;2021-11-03 16:30;581329176;1534917840;0;0;154941216;938317720;736270392;2473235560
1635946260;2021-11-03 16:31;549949632;1434950408;0;0;170680528;923312864;720630160;2358263272
1635946320;2021-11-03 16:32;477340712;1476643064;0;0;154961400;942674776;632302112;2419317840
1635946380;2021-11-03 16:33;526407776;1490518216;0;0;156220472;953220056;682628248;2443738272
1635946440;2021-11-03 16:34;507535280;1507403480;0;0;140796936;885004464;648332216;2392407944
1635946500;2021-11-03 16:35;555073056;1493922384;0;0;158634712;943369800;713707768;2437292184
1635946560;2021-11-03 16:36;470655120;1516686680;0;0;135327816;956089696;605982936;2472776376
1635946620;2021-11-03 16:37;493725736;1601434976;0;0;124285632;986545728;618011368;2587980704
1635946680;2021-11-03 16:38;417037528;1524450048;0;0;130620560;935851792;547658088;2460301840
1635946740;2021-11-03 16:39;390867552;1530139216;0;0;139182456;891805328;530050008;2421944544
1635946800;2021-11-03 16:40;380464560;1532851400;0;0;124730872;896548032;505195432;2429399432
1635946860;2021-11-03 16:41;372725656;1650310496;0;0;132972752;886494456;505698408;2536804952
1635946920;2021-11-03 16:42;476645336;1504313984;0;0;151725232;849135504;628370568;2353449488
1635946980;2021-11-03 16:43;405584296;1617972568;0;0;177566432;814869712;583150728;2432842280
1635947040;2021-11-03 16:44;425883288;1700285024;0;0;157478416;964736568;583361704;2665021592
1635947100;2021-11-03 16:45;445406720;1591098720;0;0;124693368;923269856;570100088;2514368576
1635947160;2021-11-03 16:46;467312472;1543380368;0;0;114442784;901524256;581755256;2444904624
1635947220;2021-11-03 16:47;470451288;1515182272;0;0;121243712;933485904;591695000;2448668176
1635947280;2021-11-03 16:48;489568568;1460954896;0;0;118177504;902689672;607746072;2363644568
1635947340;2021-11-03 16:49;512773528;1386746840;0;0;109172080;853784328;621945608;2240531168
1635947400;2021-11-03 16:50;524532096;1684335224;0;0;113874872;940108832;638406968;2624444056
1635947460;2021-11-03 16:51;441570088;1528500736;0;0;132096088;918905808;573666176;2447406544
1635947520;2021-11-03 16:52;415842096;1650596712;0;0;125164584;834796472;541006680;2485393184
1635947580;2021-11-03 16:53;435947288;1466458824;0;0;134710936;827661744;570658224;2294120568
1635947640;2021-11-03 16:54;439756496;1529649624;0;0;125508536;850489192;565265032;2380138816
1635947700;2021-11-03 16:55;543196592;1711815512;0;0;130257384;911082880;673453976;2622898392
1635947760;2021-11-03 16:56;472847488;1618037136;0;0;112678080;887548472;585525568;2505585608
1635947820;2021-11-03 16:57;458015896;1567781280;0;0;123894928;903650656;581910824;2471431936
1635947880;2021-11-03 16:58;487114736;1544826872;0;0;150808824;895446304;637923560;2440273176
1635947940;2021-11-03 16:59;475595792;1590141336;0;0;152239912;856373296;627835704;2446514632
1635948000;2021-11-03 17:00;493473568;1566639184;0;0;111782600;868638520;605256168;2435277704
1635948060;2021-11-03 17:01;516915112;1609854392;0;0;103636256;884924856;620551368;2494779248
1635948120;2021-11-03 17:02;505357224;1574436672;0;0;100024072;869170056;605381296;2443606728
1635948180;2021-11-03 17:03;510806424;1518290000;0;0;95422520;911646584;606228944;2429936584
1635948240;2021-11-03 17:04;474069592;1470715472;0;0;105168344;930303096;579237936;2401018568
1635948300;2021-11-03 17:05;489410744;1532549512;0;0;107442536;840230016;596853280;2372779528
1635948360;2021-11-03 17:06;498789616;1535084232;0;0;101892992;861174224;600682608;2396258456
1635948420;2021-11-03 17:07;536201560;1592278504;0;0;111118040;899745128;647319600;2492023632
1635948480;2021-11-03 17:08;517123352;1635468224;0;0;105074112;887594896;622197464;2523063120
1635948540;2021-11-03 17:09;518146560;1682876024;0;0;101152960;938111264;619299520;2620987288
1635948600;2021-11-03 17:10;469563280;1616465512;0;0;100208144;903973008;569771424;2520438520
1635948660;2021-11-03 17:11;478433008;1437233640;0;0;106076528;911073832;584509536;2348307472
1635948720;2021-11-03 17:12;488106160;1602978456;0;0;121570888;928375464;609677048;2531353920
1635948780;2021-11-03 17:13;432871224;1527992248;0;0;145932280;853806144;578803504;2381798392
1635948840;2021-11-03 17:14;432242120;1515380208;0;0;143275544;796550272;575517664;2311930480
1635948900;2021-11-03 17:15;432990392;1605693376;0;0;130811784;817298104;563802176;2422991480
1635948960;2021-11-03 17:16;483560000;1644519832;0;0;114936408;879358176;598496408;2523878008
1635949020;2021-11-03 17:17;452276704;1627104064;0;0;104361936;824823416;556638640;2451927480
1635949080;2021-11-03 17:18;414924664;1613091704;0;0;103423464;905768440;518348128;2518860144
1635949140;2021-11-03 17:19;433348696;1568144016;0;0;109157344;896022440;542506040;2464166456
1635949200;2021-11-03 17:20;431849416;1740491520;0;0;102978128;896522944;534827544;2637014464
1635949260;2021-11-03 17:21;409604288;1529036232;0;0;97750496;815228528;507354784;2344264760
1635949320;2021-11-03 17:22;406073008;1466593496;0;0;98740184;768988408;504813192;2235581904
1635949380;2021-11-03 17:23;455369552;1516344016;0;0;98700488;854586184;554070040;2370930200
1635949440;2021-11-03 17:24;421430112;1515672560;0;0;108467384;822836072;529897496;2338508632
1635949500;2021-11-03 17:25;443331496;1522977592;0;0;102003808;844610800;545335304;2367588392
1635949560;2021-11-03 17:26;470441856;1487524744;0;0;104899728;866028896;575341584;2353553640
1635949620;2021-11-03 17:27;477958552;1613290280;0;0;108442744;824767560;586401296;2438057840
1635949680;2021-11-03 17:28;391348920;1441486952;0;0;153401216;826635136;544750136;2268122088
1635949740;2021-11-03 17:29;368432776;1431627632;0;0;159157200;866809656;527589976;2298437288
1635949800;2021-11-03 17:30;416854496;1473859672;0;0;112061768;881408848;528916264;2355268520
1635949860;2021-11-03 17:31;416501632;1471543856;0;0;98488744;934919968;514990376;2406463824
1635949920;2021-11-03 17:32;437419584;1348371032;0;0;117107544;900647432;554527128;2249018464
1635949980;2021-11-03 17:33;444431896;1450304424;0;0;102460208;910116520;546892104;2360420944
1635950040;2021-11-03 17:34;410730696;1442386344;0;0;95120160;848175832;505850856;2290562176
1635950100;2021-11-03 17:35;480170232;1439908504;0;0;97008744;884020896;577178976;2323929400
1635950160;2021-11-03 17:36;477053488;1509588792;0;0;98398312;822338760;575451800;2331927552
1635950220;2021-11-03 17:37;493455888;1535868320;0;0;99885640;844077944;593341528;2379946264
1635950280;2021-11-03 17:38;451514160;1560821320;0;0;106856824;849122704;558370984;2409944024
1635950340;2021-11-03 17:39;428388088;1559291408;0;0;100110712;792133976;528498800;2351425384
1635950400;2021-11-03 17:40;489482808;1610443992;0;0;90262368;946429176;579745176;2556873168
1635950460;2021-11-03 17:41;465658120;1523224928;0;0;109669792;962140976;575327912;2485365904
1635950520;2021-11-03 17:42;420979680;1505819272;0;0;110585504;847786688;531565184;2353605960
1635950580;2021-11-03 17:43;423419976;1455339704;0;0;99090704;863737472;522510680;2319077176
1635950640;2021-11-03 17:44;413026488;1472129248;0;0;98380640;877978464;511407128;2350107712
1635950700;2021-11-03 17:45;461053232;1447950664;0;0;110826632;894748472;571879864;2342699136
1635950760;2021-11-03 17:46;399427880;1536031360;0;0;93666032;925119048;493093912;2461150408
1635950820;2021-11-03 17:47;425308656;1472622600;0;0;100130544;901153016;525439200;2373775616
1635950880;2021-11-03 17:48;411016040;1368729800;0;0;102717952;851416912;513733992;2220146712
1635950940;2021-11-03 17:49;466693320;1557477072;0;0;146099872;962857104;612793192;2520334176
1635951000;2021-11-03 17:50;463698200;1425783304;0;0;87962464;942289984;551660664;2368073288
1635951060;2021-11-03 17:51;462524336;1389007296;0;0;91687104;856154800;554211440;2245162096
1635951120;2021-11-03 17:52;439382280;1387353512;0;0;99575024;875060080;538957304;2262413592
1635951180;2021-11-03 17:53;442727416;1375234712;0;0;96257896;856166880;538985312;2231401592
1635951240;2021-11-03 17:54;427617896;1496581168;0;0;112932176;819792336;540550072;2316373504
1635951300;2021-11-03 17:55;432725712;1534685976;0;0;105906336;838762368;538632048;2373448344
1635951360;2021-11-03 17:56;405532152;1447518624;0;0;91385152;872298904;496917304;2319817528
1635951420;2021-11-03 17:57;386454864;1505164488;0;0;100104816;826684552;486559680;2331849040
1635951480;2021-11-03 17:58;387075024;1451165176;0;0;87303192;801653192;474378216;2252818368
1635951540;2021-11-03 17:59;392600768;1373973328;0;0;91049488;789510440;483650256;2163483768
1635951600;2021-11-03 18:00;412319624;1497818384;0;0;95820800;820439592;508140424;2318257976
1635951660;2021-11-03 18:01;442157240;1548462456;0;0;89526208;872096168;531683448;2420558624
1635951720;2021-11-03 18:02;414573288;1648307448;0;0;89386864;891397432;503960152;2539704880
1635951780;2021-11-03 18:03;424651352;1560189856;0;0;90862696;864298392;515514048;2424488248
1635951840;2021-11-03 18:04;385289840;1551579048;0;0;88417120;786193744;473706960;2337772792
1635951900;2021-11-03 18:05;410598272;1538559168;0;0;83281520;803633472;493879792;2342192640
1635951960;2021-11-03 18:06;396643976;1534880984;0;0;80341248;786207560;476985224;2321088544
1635952020;2021-11-03 18:07;402897400;1473487936;0;0;86188768;882216328;489086168;2355704264
1635952080;2021-11-03 18:08;386992696;1441764440;0;0;83773768;836857088;470766464;2278621528
1635952140;2021-11-03 18:09;373842312;1439611728;0;0;79850480;806987528;453692792;2246599256
1635952200;2021-11-03 18:10;445938512;1489405672;0;0;80614944;859076016;526553456;2348481688
1635952260;2021-11-03 18:11;403615096;1562374680;0;0;95623080;829713528;499238176;2392088208
1635952320;2021-11-03 18:12;374686656;1426895704;0;0;74960192;821959112;449646848;2248854816
1635952380;2021-11-03 18:13;406690904;1402739504;0;0;80049520;887106824;486740424;2289846328
1635952440;2021-11-03 18:14;398454776;1368023552;0;0;71947456;806619120;470402232;2174642672
1635952500;2021-11-03 18:15;365166168;1405398656;0;0;79696104;892459536;444862272;2297858192
1635952560;2021-11-03 18:16;386013712;1383460864;0;0;79378568;856303824;465392280;2239764688
1635952620;2021-11-03 18:17;490263720;1376874336;0;0;98940472;893838976;589204192;2270713312
1635952680;2021-11-03 18:18;470084232;1366088264;0;0;81124680;857027776;551208912;2223116040
1635952740;2021-11-03 18:19;341020080;1507853048;0;0;78046504;844648320;419066584;2352501368
1635952800;2021-11-03 18:20;354767864;1492490600;0;0;76617576;868498776;431385440;2360989376
1635952860;2021-11-03 18:21;385634080;1527844576;0;0;81749776;926768072;467383856;2454612648
1635952920;2021-11-03 18:22;373267104;1504286616;0;0;83969728;888892464;457236832;2393179080
1635952980;2021-11-03 18:23;363379528;1417136872;0;0;82209184;941052912;445588712;2358189784
1635953040;2021-11-03 18:24;374731064;1450784072;0;0;90991552;878843784;465722616;2329627856
1635953100;2021-11-03 18:25;401981264;1496824184;0;0;98630176;898478712;500611440;2395302896
1635953160;2021-11-03 18:26;420046296;1456812928;0;0;99446168;914132200;519492464;2370945128
1635953220;2021-11-03 18:27;437607056;1465851752;0;0;99119976;953529176;536727032;2419380928
1635953280;2021-11-03 18:28;387794264;1371054000;0;0;96389144;913487456;484183408;2284541456
1635953340;2021-11-03 18:29;364484784;1450726024;0;0;90089360;900345232;454574144;2351071256
1635953400;2021-11-03 18:30;396458888;1432691328;0;0;95546016;912819880;492004904;2345511208
1635953460;2021-11-03 18:31;404927952;1413869640;0;0;98088736;849136608;503016688;2263006248
1635953520;2021-11-03 18:32;362971296;1521518232;0;0;92281872;866922008;455253168;2388440240
1635953580;2021-11-03 18:33;337718864;1578672792;0;0;104747624;864811096;442466488;2443483888
1635953640;2021-11-03 18:34;360834704;1567631168;0;0;106022128;900095640;466856832;2467726808
1635953700;2021-11-03 18:35;348377360;1467429120;0;0;115397048;852015848;463774408;2319444968
1635953760;2021-11-03 18:36;340581864;1491165440;0;0;126893744;926439520;467475608;2417604960
1635953820;2021-11-03 18:37;325911712;1551780040;0;0;109574984;902724344;435486696;2454504384
1635953880;2021-11-03 18:38;363330088;1568357192;0;0;107277032;911198992;470607120;2479556184
1635953940;2021-11-03 18:39;330287112;1542058648;0;0;139507376;821061448;469794488;2363120096
1635954000;2021-11-03 18:40;326579880;1493865896;0;0;122981560;884194936;449561440;2378060832
1635954060;2021-11-03 18:41;310715384;1615241280;0;0;134503232;875062096;445218616;2490303376
1635954120;2021-11-03 18:42;304468912;1612429656;0;0;131011376;878639280;435480288;2491068936
1635954180;2021-11-03 18:43;314161072;1529549136;0;0;120366704;898214088;434527776;2427763224
1635954240;2021-11-03 18:44;290416504;1547383640;0;0;120464432;867072016;410880936;2414455656
1635954300;2021-11-03 18:45;337897888;1534374312;0;0;124779512;881701744;462677400;2416076056
1635954360;2021-11-03 18:46;510347968;1536001040;0;0;116312168;862218208;626660136;2398219248
1635954420;2021-11-03 18:47;422005920;1480482464;0;0;137543184;839535216;559549104;2320017680
1635954480;2021-11-03 18:48;341375392;1484470128;0;0;128720632;809085624;470096024;2293555752
1635954540;2021-11-03 18:49;342839992;1473834176;0;0;115234280;830034688;458074272;2303868864
1635954600;2021-11-03 18:50;335485312;1467460488;0;0;109991040;873338912;445476352;2340799400
1635954660;2021-11-03 18:51;341044496;1434446048;0;0;115629664;911585416;456674160;2346031464
1635954720;2021-11-03 18:52;335902984;1496485080;0;0;118094560;828075856;453997544;2324560936
1635954780;2021-11-03 18:53;342886136;1493527184;0;0;120328632;797985680;463214768;2291512864
1635954840;2021-11-03 18:54;295333936;1438706400;0;0;124841512;888028056;420175448;2326734456
1635954900;2021-11-03 18:55;332428328;1528034808;0;0;140326384;934800328;472754712;2462835136
1635954960;2021-11-03 18:56;302411592;1471177168;0;0;120730272;947525464;423141864;2418702632
1635955020;2021-11-03 18:57;307623496;1389202008;0;0;119374960;1052182864;426998456;2441384872
1635955080;2021-11-03 18:58;333128392;1411301544;0;0;126617888;942137176;459746280;2353438720
1635955140;2021-11-03 18:59;308344952;1490741968;0;0;131522848;960101088;439867800;2450843056
1635955200;2021-11-03 19:00;322649112;1479194768;0;0;140358672;910457320;463007784;2389652088
1635955260;2021-11-03 19:01;395179568;1526696536;0;0;105019144;918825360;500198712;2445521896
1635955320;2021-11-03 19:02;370521512;1413391600;0;0;130429768;930690984;500951280;2344082584
1635955380;2021-11-03 19:03;372866664;1385860712;0;0;114959936;891683512;487826600;2277544224
1635955440;2021-11-03 19:04;386415928;1344071656;0;0;113930720;899680000;500346648;2243751656
1635955500;2021-11-03 19:05;386124976;1349023408;0;0;112722248;929674816;498847224;2278698224
1635955560;2021-11-03 19:06;387710088;1577302968;0;0;111553648;897577488;499263736;2474880456
1635955620;2021-11-03 19:07;378211184;1516577184;0;0;109833824;961129064;488045008;2477706248
1635955680;2021-11-03 19:08;352068256;1513700832;0;0;108099712;851844232;460167968;2365545064
1635955740;2021-11-03 19:09;370119320;1405792672;0;0;110257832;845828240;480377152;2251620912
1635955800;2021-11-03 19:10;374535216;1391507328;0;0;121200792;946551728;495736008;2338059056
1635955860;2021-11-03 19:11;372662600;1372443912;0;0;144395616;887626920;517058216;2260070832
1635955920;2021-11-03 19:12;368439856;1363121208;0;0;121029048;866051720;489468904;2229172928
1635955980;2021-11-03 19:13;368856872;1344400384;0;0;119710000;876663240;488566872;2221063624
1635956040;2021-11-03 19:14;398446720;1496749808;0;0;109327024;808213104;507773744;2304962912
1635956100;2021-11-03 19:15;380679600;1452525488;0;0;116531160;870987496;497210760;2323512984
1635956160;2021-11-03 19:16;365100360;1477948744;0;0;148556544;837402064;513656904;2315350808
1635956220;2021-11-03 19:17;357312128;1419005896;0;0;129384080;926950976;486696208;2345956872
1635956280;2021-11-03 19:18;348208128;1437767184;0;0;108617088;876418968;456825216;2314186152
1635956340;2021-11-03 19:19;358224768;1320973856;0;0;125880248;884673184;484105016;2205647040
1635956400;2021-11-03 19:20;379297680;1465728480;0;0;129770848;908948816;509068528;2374677296
1635956460;2021-11-03 19:21;361791992;1430078992;0;0;119675936;905091888;481467928;2335170880
1635956520;2021-11-03 19:22;334989152;1454183208;0;0;122935408;844214848;457924560;2298398056
1635956580;2021-11-03 19:23;345186272;1415591432;0;0;116033960;795225800;461220232;2210817232
1635956640;2021-11-03 19:24;325337488;1309001088;0;0;128745808;816024496;454083296;2125025584
1635956700;2021-11-03 19:25;361473256;1460851456;0;0;122391928;879351832;483865184;2340203288
1635956760;2021-11-03 19:26;414123880;1390210824;0;0;109080496;787841320;523204376;2178052144
1635956820;2021-11-03 19:27;413666712;1406600968;0;0;102312352;864573728;515979064;2271174696
1635956880;2021-11-03 19:28;411095088;1471901192;0;0;106096360;855949224;517191448;2327850416
1635956940;2021-11-03 19:29;419978168;1420282136;0;0;106393216;876443408;526371384;2296725544
1635957000;2021-11-03 19:30;371731168;1434672600;0;0;102510584;868380400;474241752;2303053000
1635957060;2021-11-03 19:31;373465864;1492273376;0;0;103847296;915182704;477313160;2407456080
1635957120;2021-11-03 19:32;365521352;1448893792;0;0;102110328;913836192;467631680;2362729984
1635957180;2021-11-03 19:33;375093720;1488140720;0;0;101939960;852063312;477033680;2340204032
1635957240;2021-11-03 19:34;362990288;1501512064;0;0;117225120;961066024;480215408;2462578088
1635957300;2021-11-03 19:35;378867712;1448091360;0;0;131827744;875913472;510695456;2324004832
1635957360;2021-11-03 19:36;379634368;1476062312;0;0;101539952;920551664;481174320;2396613976
1635957420;2021-11-03 19:37;378155016;1385551888;0;0;101073288;954812408;479228304;2340364296
1635957480;2021-11-03 19:38;369551472;1453435416;0;0;102249760;885038168;471801232;2338473584
1635957540;2021-11-03 19:39;375924768;1502064656;0;0;104345248;815532360;480270016;2317597016
1635957600;2021-11-03 19:40;374160288;1521658840;0;0;110151608;854531368;484311896;2376190208
1635957660;2021-11-03 19:41;410324456;1581841016;0;0;117907792;923206952;528232248;2505047968
1635957720;2021-11-03 19:42;376493296;1440303584;0;0;132085392;858530584;508578688;2298834168
1635957780;2021-11-03 19:43;407827592;1516027192;0;0;113856072;818690600;521683664;2334717792
1635957840;2021-11-03 19:44;375149216;1423382480;0;0;122082240;811482112;497231456;2234864592
1635957900;2021-11-03 19:45;434964664;1507299432;0;0;116129944;846912160;551094608;2354211592
1635957960;2021-11-03 19:46;422745792;1403544880;0;0;114477912;901600936;537223704;2305145816
1635958020;2021-11-03 19:47;468052104;1464404072;0;0;108832864;904137888;576884968;2368541960
1635958080;2021-11-03 19:48;425007184;1502664632;0;0;108348032;857002528;533355216;2359667160
1635958140;2021-11-03 19:49;373360512;1484390192;0;0;104768688;852454224;478129200;2336844416
1635958200;2021-11-03 19:50;438380464;1446318352;0;0;117888544;917049152;556269008;2363367504
1635958260;2021-11-03 19:51;392560848;1334384400;0;0;116829792;950291288;509390640;2284675688
1635958320;2021-11-03 19:52;389693192;1350016528;0;0;111620472;914558232;501313664;2264574760
1635958380;2021-11-03 19:53;379699552;1350441424;0;0;117468952;898496248;497168504;2248937672
1635958440;2021-11-03 19:54;398409504;1404064096;0;0;121924936;940144504;520334440;2344208600
1635958500;2021-11-03 19:55;370707240;1342837312;0;0;118878408;892419768;489585648;2235257080
1635958560;2021-11-03 19:56;368835776;1367152224;0;0;123373832;917508432;492209608;2284660656
1635958620;2021-11-03 19:57;359318160;1374717688;0;0;114767040;969247408;474085200;2343965096
1635958680;2021-11-03 19:58;364972072;1367870496;0;0;110783368;982174656;475755440;2350045152
1635958740;2021-11-03 19:59;361130608;1429859768;0;0;108706784;871990536;469837392;2301850304
1635958800;2021-11-03 20:00;368126064;1350003328;0;0;133690096;1006416984;501816160;2356420312
1635958860;2021-11-03 20:01;371619488;1500913488;0;0;133453048;944417648;505072536;2445331136
1635958920;2021-11-03 20:02;415448672;1477737976;0;0;139375640;1026681080;554824312;2504419056
1635958980;2021-11-03 20:03;368754184;1531078216;0;0;144725384;1030169824;513479568;2561248040
1635959040;2021-11-03 20:04;372866808;1489974008;0;0;138044992;922727608;510911800;2412701616
1635959100;2021-11-03 20:05;354180024;1512409736;0;0;157226904;1010474704;511406928;2522884440
1635959160;2021-11-03 20:06;379437008;1515380328;0;0;143456104;1007906792;522893112;2523287120
1635959220;2021-11-03 20:07;372451072;1534334168;0;0;139444576;948018152;511895648;2482352320
1635959280;2021-11-03 20:08;396399680;1540527000;0;0;133302904;962628088;529702584;2503155088
1635959340;2021-11-03 20:09;352146096;1460297328;0;0;126855336;920270888;479001432;2380568216
1635959400;2021-11-03 20:10;397816360;1669063512;0;0;134781776;941797864;532598136;2610861376
1635959460;2021-11-03 20:11;378094720;1563751096;0;0;101965352;1031283176;480060072;2595034272
1635959520;2021-11-03 20:12;334528408;1558843896;0;0;130631688;948739136;465160096;2507583032
1635959580;2021-11-03 20:13;349826632;1608950520;0;0;109403000;943482632;459229632;2552433152
1635959640;2021-11-03 20:14;347602888;1479717744;0;0;104294496;861495920;451897384;2341213664
1635959700;2021-11-03 20:15;342796736;1691175552;0;0;113526312;914931272;456323048;2606106824
1635959760;2021-11-03 20:16;336718736;1507066032;0;0;130515760;910832792;467234496;2417898824
1635959820;2021-11-03 20:17;324857392;1493165960;0;0;132360448;975592056;457217840;2468758016
1635959880;2021-11-03 20:18;350674568;1490032096;0;0;137169376;959154592;487843944;2449186688
1635959940;2021-11-03 20:19;332153416;1382740264;0;0;130346464;890745672;462499880;2273485936
1635960000;2021-11-03 20:20;331679120;1561622952;0;0;128495048;1026199336;460174168;2587822288
1635960060;2021-11-03 20:21;346346224;1505811136;0;0;143427400;951320864;489773624;2457132000
1635960120;2021-11-03 20:22;346463648;1434441424;0;0;133440632;1002465000;479904280;2436906424
1635960180;2021-11-03 20:23;346293024;1498280568;0;0;134250568;963258672;480543592;2461539240
1635960240;2021-11-03 20:24;332083216;1524838112;0;0;131182496;945317528;463265712;2470155640
1635960300;2021-11-03 20:25;327406232;1367391104;0;0;138674192;954409768;466080424;2321800872
1635960360;2021-11-03 20:26;370355928;1622989808;0;0;129983696;865093416;500339624;2488083224
1635960420;2021-11-03 20:27;394928584;1450166648;0;0;133885432;872235992;528814016;2322402640
1635960480;2021-11-03 20:28;355036960;1448119800;0;0;125455440;885945616;480492400;2334065416
1635960540;2021-11-03 20:29;311672512;1365239848;0;0;131643368;934316368;443315880;2299556216
1635960600;2021-11-03 20:30;328528296;1462862624;0;0;124492232;895299968;453020528;2358162592
1635960660;2021-11-03 20:31;311011480;1410700032;0;0;129841584;883495096;440853064;2294195128
1635960720;2021-11-03 20:32;322853840;1436222328;0;0;139520360;913755680;462374200;2349978008
1635960780;2021-11-03 20:33;313871096;1399906928;0;0;137125432;897903176;450996528;2297810104
1635960840;2021-11-03 20:34;311198008;1414556920;0;0;137317192;896980128;448515200;2311537048
1635960900;2021-11-03 20:35;298367464;1474828624;0;0;136373024;845509696;434740488;2320338320
1635960960;2021-11-03 20:36;310777752;1369093376;0;0;135942000;868242264;446719752;2237335640
1635961020;2021-11-03 20:37;302481160;1401914224;0;0;141936688;888042440;444417848;2289956664
1635961080;2021-11-03 20:38;289268352;1390683720;0;0;153339192;901646640;442607544;2292330360
1635961140;2021-11-03 20:39;301861160;1370504048;0;0;148968920;857161224;450830080;2227665272
1635961200;2021-11-03 20:40;299714112;1592081032;0;0;142166736;931994024;441880848;2524075056
1635961260;2021-11-03 20:41;293997304;1430678432;0;0;146350064;891482880;440347368;2322161312
1635961320;2021-11-03 20:42;301300480;1499886008;0;0;136967368;898657832;438267848;2398543840
1635961380;2021-11-03 20:43;322454184;1455144920;0;0;136569696;859005800;459023880;2314150720
1635961440;2021-11-03 20:44;324574304;1543331664;0;0;143609040;881723296;468183344;2425054960
1635961500;2021-11-03 20:45;332616920;1460324312;0;0;149062616;801064800;481679536;2261389112
1635961560;2021-11-03 20:46;339547392;1551642544;0;0;148358864;806083992;487906256;2357726536
1635961620;2021-11-03 20:47;279423528;1515507272;0;0;138436600;864402304;417860128;2379909576
1635961680;2021-11-03 20:48;268044320;1715732440;0;0;142573600;864483296;410617920;2580215736
1635961740;2021-11-03 20:49;262138056;1724879120;0;0;147477192;895887976;409615248;2620767096
1635961800;2021-11-03 20:50;306167144;1570292560;0;0;137010712;843331200;443177856;2413623760
1635961860;2021-11-03 20:51;287657928;1692105136;0;0;143408080;891581392;431066008;2583686528
1635961920;2021-11-03 20:52;288866456;1619848832;0;0;139493144;871997184;428359600;2491846016
1635961980;2021-11-03 20:53;260088784;1686430008;0;0;137011280;901345312;397100064;2587775320
1635962040;2021-11-03 20:54;286538072;1530853064;0;0;136870096;923553200;423408168;2454406264
1635962100;2021-11-03 20:55;268170248;1666045176;0;0;137813832;927605616;405984080;2593650792
1635962160;2021-11-03 20:56;282858608;1610299552;0;0;130248704;908244384;413107312;2518543936
1635962220;2021-11-03 20:57;291998000;1508534904;0;0;135678064;911958872;427676064;2420493776
1635962280;2021-11-03 20:58;303941712;1456380744;0;0;135718960;876403960;439660672;2332784704
1635962340;2021-11-03 20:59;262458448;1428730528;0;0;128763248;840538760;391221696;2269269288
1635962400;2021-11-03 21:00;356561200;1595141648;0;0;137424080;883290728;493985280;2478432376
1635962460;2021-11-03 21:01;350794264;1592671928;0;0;128936064;799127096;479730328;2391799024
1635962520;2021-11-03 21:02;330891024;1741906880;0;0;135173656;889922632;466064680;2631829512
1635962580;2021-11-03 21:03;310767584;1609293808;0;0;131945552;829337616;442713136;2438631424
1635962640;2021-11-03 21:04;311005592;1690023640;0;0;129848320;857603048;440853912;2547626688
1635962700;2021-11-03 21:05;298909872;1647269984;0;0;136921552;926363424;435831424;2573633408
1635962760;2021-11-03 21:06;303695184;1582200992;0;0;127227360;849615096;430922544;2431816088
1635962820;2021-11-03 21:07;287419416;1602159416;0;0;132601240;891863168;420020656;2494022584
1635962880;2021-11-03 21:08;294926688;1617991176;0;0;124569536;955113656;419496224;2573104832
1635962940;2021-11-03 21:09;282181296;1604896936;0;0;128505632;975812120;410686928;2580709056
1635963000;2021-11-03 21:10;295963312;1585701464;0;0;132378208;962878000;428341520;2548579464
1635963060;2021-11-03 21:11;305957632;1503890584;0;0;136020624;825981848;441978256;2329872432
1635963120;2021-11-03 21:12;307367248;1356425992;0;0;143896144;940085528;451263392;2296511520
1635963180;2021-11-03 21:13;307605064;1488545432;0;0;134438456;877572960;442043520;2366118392
1635963240;2021-11-03 21:14;311899688;1483515928;0;0;147151552;934313184;459051240;2417829112
1635963300;2021-11-03 21:15;301762864;1429592664;0;0;123221752;966960952;424984616;2396553616
1635963360;2021-11-03 21:16;297610320;1423370408;0;0;121317512;918998264;418927832;2342368672
1635963420;2021-11-03 21:17;292225096;1422555792;0;0;125361672;929893672;417586768;2352449464
1635963480;2021-11-03 21:18;323653416;1356732888;0;0;106921888;908477304;430575304;2265210192
1635963540;2021-11-03 21:19;300114672;1297263656;0;0;76508856;928324464;376623528;2225588120
1635963600;2021-11-03 21:20;284704312;1310095176;0;0;75432360;873182248;360136672;2183277424
1635963660;2021-11-03 21:21;287204728;1303601312;0;0;75243080;921165640;362447808;2224766952
1635963720;2021-11-03 21:22;314169080;1462186336;0;0;79555928;862894040;393725008;2325080376
1635963780;2021-11-03 21:23;331592920;1499737472;0;0;66571056;916251696;398163976;2415989168
1635963840;2021-11-03 21:24;290540288;1498044184;0;0;76345736;900080256;366886024;2398124440
1635963900;2021-11-03 21:25;312152392;1461836664;0;0;90708992;920665464;402861384;2382502128
1635963960;2021-11-03 21:26;297719040;1424786448;0;0;72240576;902951368;369959616;2327737816
1635964020;2021-11-03 21:27;307777496;1409405384;0;0;88447312;895740192;396224808;2305145576
1635964080;2021-11-03 21:28;286912096;1365824152;0;0;83448984;912013392;370361080;2277837544
1635964140;2021-11-03 21:29;293461800;1428590192;0;0;82436480;909676224;375898280;2338266416
1635964200;2021-11-03 21:30;286333256;1386148840;0;0;67088432;946987240;353421688;2333136080
1635964260;2021-11-03 21:31;304522448;1378594464;0;0;62246600;942149144;366769048;2320743608
1635964320;2021-11-03 21:32;322215592;1394342560;0;0;62874496;925609568;385090088;2319952128
1635964380;2021-11-03 21:33;309868608;1387492248;0;0;58764568;973558336;368633176;2361050584
1635964440;2021-11-03 21:34;319572944;1393307216;0;0;61150352;990932184;380723296;2384239400
1635964500;2021-11-03 21:35;290687992;1444981680;0;0;79970024;958314832;370658016;2403296512
1635964560;2021-11-03 21:36;318934856;1417183824;0;0;62002928;936626208;380937784;2353810032
1635964620;2021-11-03 21:37;308174432;1559469032;0;0;59629520;939510336;367803952;2498979368
1635964680;2021-11-03 21:38;305265136;1510949488;0;0;56262912;893562944;361528048;2404512432
1635964740;2021-11-03 21:39;294675160;1550655320;0;0;55558936;916450120;350234096;2467105440
1635964800;2021-11-03 21:40;321438496;1453998168;0;0;58813944;895076320;380252440;2349074488
1635964860;2021-11-03 21:41;314827536;1499339464;0;0;59317232;878963328;374144768;2378302792
1635964920;2021-11-03 21:42;290864336;1362970184;0;0;62226152;936724832;353090488;2299695016
1635964980;2021-11-03 21:43;295956864;1434423712;0;0;61104688;1014639864;357061552;2449063576
1635965040;2021-11-03 21:44;312056688;1402639976;0;0;58007472;964666432;370064160;2367306408
1635965100;2021-11-03 21:45;304591392;1435510840;0;0;63226088;959783040;367817480;2395293880
1635965160;2021-11-03 21:46;323260280;1478074720;0;0;59345336;958598240;382605616;2436672960
1635965220;2021-11-03 21:47;288259336;1459534992;0;0;56390592;1015148416;344649928;2474683408
1635965280;2021-11-03 21:48;279456336;1437298496;0;0;53424936;909993168;332881272;2347291664
1635965340;2021-11-03 21:49;284257184;1419730104;0;0;56507000;925623216;340764184;2345353320
1635965400;2021-11-03 21:50;285183928;1453793376;0;0;58697648;882866424;343881576;2336659800
1635965460;2021-11-03 21:51;296631568;1379186008;0;0;63135032;929422744;359766600;2308608752
1635965520;2021-11-03 21:52;277287152;1380798536;0;0;60571960;848882184;337859112;2229680720
1635965580;2021-11-03 21:53;300326024;1380129728;0;0;57831760;895672088;358157784;2275801816
1635965640;2021-11-03 21:54;325931440;1306071600;0;0;54382744;912635928;380314184;2218707528
1635965700;2021-11-03 21:55;318999272;1467239200;0;0;58770264;898480600;377769536;2365719800
1635965760;2021-11-03 21:56;294740672;1380037544;0;0;57473576;921341488;352214248;2301379032
1635965820;2021-11-03 21:57;315328088;1413885632;0;0;59164512;951869760;374492600;2365755392
1635965880;2021-11-03 21:58;313217944;1328543456;0;0;77271232;872643200;390489176;2201186656
1635965940;2021-11-03 21:59;314664152;1342610664;0;0;60201728;913465584;374865880;2256076248
1635966000;2021-11-03 22:00;321268936;1328078240;0;0;63282296;869811352;384551232;2197889592
1635966060;2021-11-03 22:01;346683272;1367962656;0;0;59378392;830294168;406061664;2198256824
1635966120;2021-11-03 22:02;328431568;1439259696;0;0;64706936;926364344;393138504;2365624040
1635966180;2021-11-03 22:03;363312040;1444896240;0;0;59976984;894155648;423289024;2339051888
1635966240;2021-11-03 22:04;324585024;1441465872;0;0;61786144;961284504;386371168;2402750376
1635966300;2021-11-03 22:05;334011656;1376899736;0;0;58272576;980596048;392284232;2357495784
1635966360;2021-11-03 22:06;350371400;1340822048;0;0;54921440;957341352;405292840;2298163400
1635966420;2021-11-03 22:07;333973360;1351200944;0;0;56058656;967233344;390032016;2318434288
1635966480;2021-11-03 22:08;352919144;1443909168;0;0;63209536;904540096;416128680;2348449264
1635966540;2021-11-03 22:09;326096008;1398568536;0;0;61177688;987498696;387273696;2386067232
1635966600;2021-11-03 22:10;325627376;1491235424;0;0;55757592;992113344;381384968;2483348768
1635966660;2021-11-03 22:11;443534112;1514341872;0;0;65388456;852943904;508922568;2367285776
1635966720;2021-11-03 22:12;372382824;1484209136;0;0;93061032;837226856;465443856;2321435992
1635966780;2021-11-03 22:13;324881208;1508195704;0;0;61540056;853566680;386421264;2361762384
1635966840;2021-11-03 22:14;327924344;1508310912;0;0;65590040;922963344;393514384;2431274256
1635966900;2021-11-03 22:15;320230696;1477248192;0;0;72974920;979157584;393205616;2456405776
1635966960;2021-11-03 22:16;316449424;1403793136;0;0;83387888;906943856;399837312;2310736992
1635967020;2021-11-03 22:17;321237664;1346022688;0;0;98501368;829977800;419739032;2176000488
1635967080;2021-11-03 22:18;318661656;1384267744;0;0;97841256;869676848;416502912;2253944592
1635967140;2021-11-03 22:19;316530968;1386641840;0;0;97522144;913897928;414053112;2300539768
1635967200;2021-11-03 22:20;308346600;1520077720;0;0;98363600;996435432;406710200;2516513152
1635967260;2021-11-03 22:21;328541816;1399399904;0;0;100282944;966921776;428824760;2366321680
1635967320;2021-11-03 22:22;330244160;1285703760;0;0;98582128;984875960;428826288;2270579720
1635967380;2021-11-03 22:23;342485984;1335968776;0;0;93535800;913429248;436021784;2249398024
1635967440;2021-11-03 22:24;333322392;1329631928;0;0;97296824;898812912;430619216;2228444840
1635967500;2021-11-03 22:25;330554024;1314236696;0;0;103449744;876691888;434003768;2190928584
1635967560;2021-11-03 22:26;335840304;1241621696;0;0;95339752;911774344;431180056;2153396040
1635967620;2021-11-03 22:27;345050328;1460492096;0;0;145677976;940289448;490728304;2400781544
1635967680;2021-11-03 22:28;339380000;1361365880;0;0;93309120;931889344;432689120;2293255224
1635967740;2021-11-03 22:29;345415088;1306516168;0;0;97283240;916696248;442698328;2223212416
1635967800;2021-11-03 22:30;325554752;1323089008;0;0;97551560;916720408;423106312;2239809416
1635967860;2021-11-03 22:31;319589512;1368539088;0;0;99317440;882544472;418906952;2251083560
1635967920;2021-11-03 22:32;320318568;1408417544;0;0;101683344;974495576;422001912;2382913120
1635967980;2021-11-03 22:33;339074384;1301111184;0;0;95988152;861808192;435062536;2162919376
1635968040;2021-11-03 22:34;337825904;1312797368;0;0;95647088;836525976;433472992;2149323344
1635968100;2021-11-03 22:35;331201592;1368901616;0;0;102719112;895624432;433920704;2264526048
1635968160;2021-11-03 22:36;316994768;1292767936;0;0;94610672;852455112;411605440;2145223048
1635968220;2021-11-03 22:37;325819120;1328830728;0;0;93749104;896804064;419568224;2225634792
1635968280;2021-11-03 22:38;332071896;1364113272;0;0;100570120;915530280;432642016;2279643552
1635968340;2021-11-03 22:39;338965064;1304193240;0;0;95142256;927117104;434107320;2231310344
1635968400;2021-11-03 22:40;376885320;1381568032;0;0;99870032;970140160;476755352;2351708192
1635968460;2021-11-03 22:41;382184440;1393137096;0;0;101757640;902081520;483942080;2295218616
1635968520;2021-11-03 22:42;410136832;1394741000;0;0;99803560;872856904;509940392;2267597904
1635968580;2021-11-03 22:43;367587048;1424503080;0;0;95265480;820995736;462852528;2245498816
1635968640;2021-11-03 22:44;395779144;1382085824;0;0;99108080;819426480;494887224;2201512304
1635968700;2021-11-03 22:45;371383840;1458804616;0;0;99913928;801282160;471297768;2260086776
1635968760;2021-11-03 22:46;360226624;1484038888;0;0;96813344;868486320;457039968;2352525208
1635968820;2021-11-03 22:47;326094080;1445130704;0;0;98138672;795327184;424232752;2240457888
1635968880;2021-11-03 22:48;352612480;1505164904;0;0;97482320;858072984;450094800;2363237888
1635968940;2021-11-03 22:49;331409832;1347033568;0;0;92341112;939813816;423750944;2286847384
1635969000;2021-11-03 22:50;344420400;1372103864;0;0;95007200;926856936;439427600;2298960800
1635969060;2021-11-03 22:51;362930816;1312495120;0;0;95202136;895955888;458132952;2208451008
1635969120;2021-11-03 22:52;366932800;1341276440;0;0;104579328;842942208;471512128;2184218648
1635969180;2021-11-03 22:53;333173920;1267019192;0;0;92643368;852489992;425817288;2119509184
1635969240;2021-11-03 22:54;339644296;1355530760;0;0;97197016;926990296;436841312;2282521056
1635969300;2021-11-03 22:55;392507872;1366022328;0;0;96085864;918751072;488593736;2284773400
1635969360;2021-11-03 22:56;387828800;1407669728;0;0;96255552;899847624;484084352;2307517352
1635969420;2021-11-03 22:57;433279176;1465638720;0;0;95945496;851895120;529224672;2317533840
1635969480;2021-11-03 22:58;422282376;1360248712;0;0;91933928;922320784;514216304;2282569496
1635969540;2021-11-03 22:59;388939280;1318614944;0;0;92123368;1041364208;481062648;2359979152
1635969600;2021-11-03 23:00;436898416;1400267872;0;0;90094048;959648152;526992464;2359916024
1635969660;2021-11-03 23:01;432857112;1500304312;0;0;97534448;950652896;530391560;2450957208
1635969720;2021-11-03 23:02;399100024;1435902472;0;0;108678696;964972832;507778720;2400875304
1635969780;2021-11-03 23:03;394134064;1432116040;0;0;119468048;981693440;513602112;2413809480
1635969840;2021-11-03 23:04;393988504;1360482656;0;0;100191680;922772232;494180184;2283254888
1635969900;2021-11-03 23:05;397042400;1509321768;0;0;97514736;907224672;494557136;2416546440
1635969960;2021-11-03 23:06;385749400;1448812344;0;0;92826200;933685232;478575600;2382497576
1635970020;2021-11-03 23:07;397541048;1411280656;0;0;91918168;920741160;489459216;2332021816
1635970080;2021-11-03 23:08;432595208;1364449136;0;0;99022240;943085384;531617448;2307534520
1635970140;2021-11-03 23:09;417112024;1317590632;0;0;88045416;918976080;505157440;2236566712
1635970200;2021-11-03 23:10;400866752;1481291512;0;0;102158752;947174696;503025504;2428466208
1635970260;2021-11-03 23:11;429652104;1399776904;0;0;100100184;900910288;529752288;2300687192
1635970320;2021-11-03 23:12;416647648;1267866160;0;0;110541112;949995200;527188760;2217861360
1635970380;2021-11-03 23:13;408971448;1321364432;0;0;104951120;957096928;513922568;2278461360
1635970440;2021-11-03 23:14;424167352;1316342776;0;0;111009832;970363328;535177184;2286706104
1635970500;2021-11-03 23:15;392727560;1313330976;0;0;97017064;932651560;489744624;2245982536
1635970560;2021-11-03 23:16;385427920;1388308440;0;0;91445760;914221488;476873680;2302529928
1635970620;2021-11-03 23:17;393888904;1343600208;0;0;95831672;913487232;489720576;2257087440
1635970680;2021-11-03 23:18;398428144;1499590320;0;0;95778184;945928272;494206328;2445518592
1635970740;2021-11-03 23:19;376424864;1296218416;0;0;90858912;980424456;467283776;2276642872
1635970800;2021-11-03 23:20;457704184;1283277256;0;0;91317512;937988464;549021696;2221265720
1635970860;2021-11-03 23:21;412956840;1267072384;0;0;96987400;934401128;509944240;2201473512
1635970920;2021-11-03 23:22;430052448;1247895112;0;0;91786952;997647512;521839400;2245542624
1635970980;2021-11-03 23:23;494821352;1304168832;0;0;88036008;977186480;582857360;2281355312
1635971040;2021-11-03 23:24;443368784;1265215040;0;0;89167824;950526624;532536608;2215741664
1635971100;2021-11-03 23:25;492306456;1324213776;0;0;89000952;925727488;581307408;2249941264
1635971160;2021-11-03 23:26;503922136;1362234368;0;0;85535056;827370848;589457192;2189605216
1635971220;2021-11-03 23:27;540211520;1259055504;0;0;85494728;814276672;625706248;2073332176
1635971280;2021-11-03 23:28;499156280;1252327712;0;0;82871768;832913472;582028048;2085241184
1635971340;2021-11-03 23:29;524986864;1231993656;0;0;87312688;919968488;612299552;2151962144
1635971400;2021-11-03 23:30;606947592;1276102440;0;0;96593528;846267552;703541120;2122369992
1635971460;2021-11-03 23:31;558699792;1234002944;0;0;88160744;832405912;646860536;2066408856
1635971520;2021-11-03 23:32;533383064;1251129624;0;0;83822912;822907640;617205976;2074037264
1635971580;2021-11-03 23:33;499156240;1194944088;0;0;84408416;823659568;583564656;2018603656
1635971640;2021-11-03 23:34;501380896;1238299184;0;0;89022856;830204960;590403752;2068504144
1635971700;2021-11-03 23:35;529626784;1244127088;0;0;89372936;845526288;618999720;2089653376
1635971760;2021-11-03 23:36;546141696;1179733208;0;0;87546304;886238600;633688000;2065971808
1635971820;2021-11-03 23:37;545903800;1213680744;0;0;87396960;875578776;633300760;2089259520
1635971880;2021-11-03 23:38;565781168;1176792448;0;0;93894944;852377016;659676112;2029169464
1635971940;2021-11-03 23:39;487325792;1133684664;0;0;87675904;845899264;575001696;1979583928
1635972000;2021-11-03 23:40;530963440;1243469816;0;0;86700736;844772152;617664176;2088241968
1635972060;2021-11-03 23:41;499061520;1180240072;0;0;0;0;499061520;1180240072
1635972120;2021-11-03 23:42;489013648;1231677496;0;0;88796120;832177160;577809768;2063854656
1635972180;2021-11-03 23:43;581314376;0;0;0;90634464;851689128;671948840;851689128
1635972240;2021-11-03 23:44;500729400;1232123032;0;0;90514720;947404616;591244120;2179527648
1635972300;2021-11-03 23:45;498957192;1337109016;0;0;88365992;829940792;587323184;2167049808
1635972360;2021-11-03 23:46;537240536;1317849664;0;0;84720152;829065496;621960688;2146915160
1635972420;2021-11-03 23:47;509788912;1240711560;0;0;90866224;807618824;600655136;2048330384
1635972480;2021-11-03 23:48;548626264;1310026816;0;0;85677032;779291832;634303296;2089318648
1635972540;2021-11-03 23:49;497938672;1251254376;0;0;91440488;764320600;589379160;2015574976
1635972600;2021-11-03 23:50;531331248;1254783104;0;0;93022568;861440632;624353816;2116223736
1635972660;2021-11-03 23:51;522692192;1168661768;0;0;92930784;799018640;615622976;1967680408
1635972720;2021-11-03 23:52;486717888;1267626864;0;0;89146616;770872544;575864504;2038499408
1635972780;2021-11-03 23:53;465179640;1200174032;0;0;89524080;768673720;554703720;1968847752
1635972840;2021-11-03 23:54;536685608;1160530216;0;0;83520576;702274072;620206184;1862804288
1635972900;2021-11-03 23:55;534856424;1157212504;0;0;91627192;750497936;626483616;1907710440
1635972960;2021-11-03 23:56;517765952;1243820176;0;0;83969976;714086648;601735928;1957906824
1635973020;2021-11-03 23:57;509886376;1137920024;0;0;82439856;743619448;592326232;1881539472
1635973080;2021-11-03 23:58;475638552;1210251288;0;0;85916264;771232832;561554816;1981484120
1635973140;2021-11-03 23:59;467167624;1162962760;0;0;81989848;747435272;549157472;1910398032
