Timestamp;DateTime;Pirog17-cr1_ae3.444(AS50817 Piter-IX SPB)_tx;Pirog17-cr1_ae3.444(AS50817 Piter-IX SPB)_rx;BMor18-cr1_et-0/0/1.444(AS50817 Piter-IX SPB)_tx;BMor18-cr1_et-0/0/1.444(AS50817 Piter-IX SPB)_rx;Cvetoch19-cr1_ae3.444(AS50817 Piter-IX SPB)_tx;Cvetoch19-cr1_ae3.444(AS50817 Piter-IX SPB)_rx;Aggregated_tx;Aggregated_rx
1635973200;2021-11-04 00:00;478966664;1176503136;0;0;84213040;770295504;563179704;1946798640
1635973260;2021-11-04 00:01;468321176;1243292256;0;0;90013424;856716744;558334600;2100009000
1635973320;2021-11-04 00:02;446845352;1229502336;0;0;87013880;870528408;533859232;2100030744
1635973380;2021-11-04 00:03;466931488;1210932952;0;0;89174864;900470208;556106352;2111403160
1635973440;2021-11-04 00:04;396716608;1130782120;0;0;89084880;859123160;485801488;1989905280
1635973500;2021-11-04 00:05;435267640;1199736728;0;0;88825904;836563488;524093544;2036300216
1635973560;2021-11-04 00:06;579921232;1190839192;0;0;78890096;780424168;658811328;1971263360
1635973620;2021-11-04 00:07;655316336;1200314904;0;0;85872120;826382672;741188456;2026697576
1635973680;2021-11-04 00:08;567629616;1152847952;0;0;93548816;733265920;661178432;1886113872
1635973740;2021-11-04 00:09;499772808;1118980840;0;0;83576216;783593512;583349024;1902574352
1635973800;2021-11-04 00:10;488512608;1141624000;0;0;83122760;815264800;571635368;1956888800
1635973860;2021-11-04 00:11;526842664;1111715160;0;0;80486264;755522136;607328928;1867237296
1635973920;2021-11-04 00:12;542647904;1230222000;0;0;82294752;818806280;624942656;2049028280
1635973980;2021-11-04 00:13;557034136;1104938688;0;0;81789192;828404728;638823328;1933343416
1635974040;2021-11-04 00:14;529943480;1162521400;0;0;87046432;892109336;616989912;2054630736
1635974100;2021-11-04 00:15;510907624;1116003568;0;0;90927728;841932456;601835352;1957936024
1635974160;2021-11-04 00:16;572329448;1171213496;0;0;88240024;882434632;660569472;2053648128
1635974220;2021-11-04 00:17;640999864;1137770728;0;0;88055128;797550784;729054992;1935321512
1635974280;2021-11-04 00:18;569733560;1156747368;0;0;79819472;825311024;649553032;1982058392
1635974340;2021-11-04 00:19;503574336;1070485272;0;0;85353336;785780536;588927672;1856265808
1635974400;2021-11-04 00:20;479293048;1178627448;0;0;83978776;743343240;563271824;1921970688
1635974460;2021-11-04 00:21;492335736;1157438192;0;0;89371080;762059320;581706816;1919497512
1635974520;2021-11-04 00:22;483208792;1058086552;0;0;86769672;735447920;569978464;1793534472
1635974580;2021-11-04 00:23;501853288;1124534864;0;0;84485088;705052704;586338376;1829587568
1635974640;2021-11-04 00:24;498176664;1058047432;0;0;90047632;754977840;588224296;1813025272
1635974700;2021-11-04 00:25;507494240;1203339432;0;0;89158032;771784416;596652272;1975123848
1635974760;2021-11-04 00:26;516458000;1036868584;0;0;86793128;778616344;603251128;1815484928
1635974820;2021-11-04 00:27;529320456;1088571736;0;0;86981440;726429768;616301896;1815001504
1635974880;2021-11-04 00:28;533085536;1047186680;0;0;83318088;763115624;616403624;1810302304
1635974940;2021-11-04 00:29;521390904;971013800;0;0;83713408;691661976;605104312;1662675776
1635975000;2021-11-04 00:30;558325832;1141705176;0;0;85726768;749508560;644052600;1891213736
1635975060;2021-11-04 00:31;615646816;1117865920;0;0;84733976;722868720;700380792;1840734640
1635975120;2021-11-04 00:32;579724968;1050446184;0;0;88536416;886684952;668261384;1937131136
1635975180;2021-11-04 00:33;533890320;1049212632;0;0;83035072;781935408;616925392;1831148040
1635975240;2021-11-04 00:34;542886584;1090125664;0;0;83638488;731453328;626525072;1821578992
1635975300;2021-11-04 00:35;544862784;1150857960;0;0;87296352;777788056;632159136;1928646016
1635975360;2021-11-04 00:36;596784776;1072779128;0;0;83125928;706115312;679910704;1778894440
1635975420;2021-11-04 00:37;592401504;1033666736;0;0;86173320;721641552;678574824;1755308288
1635975480;2021-11-04 00:38;575857496;1056123944;0;0;86949776;694406144;662807272;1750530088
1635975540;2021-11-04 00:39;563206024;960705536;0;0;86884160;672374832;650090184;1633080368
1635975600;2021-11-04 00:40;540716656;878648184;0;0;83910480;721705496;624627136;1600353680
1635975660;2021-11-04 00:41;537824352;1065493832;0;0;83165896;685384104;620990248;1750877936
1635975720;2021-11-04 00:42;547877528;1039510168;0;0;84095408;687587808;631972936;1727097976
1635975780;2021-11-04 00:43;513977144;933742056;0;0;82089000;657053640;596066144;1590795696
1635975840;2021-11-04 00:44;559494248;980855800;0;0;83241096;742344912;642735344;1723200712
1635975900;2021-11-04 00:45;536020968;939068608;0;0;86202456;709488304;622223424;1648556912
1635975960;2021-11-04 00:46;655061528;957402624;0;0;80572232;672836616;735633760;1630239240
1635976020;2021-11-04 00:47;636916736;1021031032;0;0;83778472;725337544;720695208;1746368576
1635976080;2021-11-04 00:48;484716104;951546552;0;0;87190432;717748888;571906536;1669295440
1635976140;2021-11-04 00:49;493691784;938619488;0;0;85355848;686897600;579047632;1625517088
1635976200;2021-11-04 00:50;488771408;993511512;0;0;88276352;741702408;577047760;1735213920
1635976260;2021-11-04 00:51;494666728;909540736;0;0;85449920;710968656;580116648;1620509392
1635976320;2021-11-04 00:52;464988112;947010944;0;0;82964952;742217736;547953064;1689228680
1635976380;2021-11-04 00:53;478183640;1002027072;0;0;82983552;646876160;561167192;1648903232
1635976440;2021-11-04 00:54;456865664;920640224;0;0;83796464;723220768;540662128;1643860992
1635976500;2021-11-04 00:55;471277584;880255840;0;0;85733056;675259688;557010640;1555515528
1635976560;2021-11-04 00:56;484337480;899384320;0;0;80458272;655859544;564795752;1555243864
1635976620;2021-11-04 00:57;519673952;915110536;0;0;83812688;669864048;603486640;1584974584
1635976680;2021-11-04 00:58;525149896;868580256;0;0;86742360;624938672;611892256;1493518928
1635976740;2021-11-04 00:59;477155752;963673824;0;0;91314608;682455664;568470360;1646129488
1635976800;2021-11-04 01:00;460881216;958742680;0;0;119878080;692083712;580759296;1650826392
1635976860;2021-11-04 01:01;488577840;1143859872;0;0;119356464;636854488;607934304;1780714360
1635976920;2021-11-04 01:02;486519888;1125417040;0;0;121888456;656859456;608408344;1782276496
1635976980;2021-11-04 01:03;476496264;1108231608;0;0;116204104;611021712;592700368;1719253320
1635977040;2021-11-04 01:04;454523408;1007104720;0;0;117594112;650565760;572117520;1657670480
1635977100;2021-11-04 01:05;505141640;1019485856;0;0;122499592;656100208;627641232;1675586064
1635977160;2021-11-04 01:06;488942176;1096852104;0;0;118586568;665844064;607528744;1762696168
1635977220;2021-11-04 01:07;536778760;1039572888;0;0;120078104;617392896;656856864;1656965784
1635977280;2021-11-04 01:08;493158816;1132510808;0;0;124369008;615636752;617527824;1748147560
1635977340;2021-11-04 01:09;462426128;1103538184;0;0;116341568;614891120;578767696;1718429304
1635977400;2021-11-04 01:10;462336304;1018307888;0;0;124236288;606752200;586572592;1625060088
1635977460;2021-11-04 01:11;403529744;1080235688;0;0;136548008;664245032;540077752;1744480720
1635977520;2021-11-04 01:12;401263520;994032872;0;0;156913368;619143408;558176888;1613176280
1635977580;2021-11-04 01:13;371815256;987113632;0;0;154334464;551999128;526149720;1539112760
1635977640;2021-11-04 01:14;353164200;912308816;0;0;143473344;623397704;496637544;1535706520
1635977700;2021-11-04 01:15;375560360;1075587304;0;0;125958696;570793864;501519056;1646381168
1635977760;2021-11-04 01:16;398958256;976711864;0;0;119213528;584223496;518171784;1560935360
1635977820;2021-11-04 01:17;426596832;975450896;0;0;116219336;517786000;542816168;1493236896
1635977880;2021-11-04 01:18;441644056;977151144;0;0;115739504;487290312;557383560;1464441456
1635977940;2021-11-04 01:19;436141456;953773768;0;0;117891496;479383032;554032952;1433156800
1635978000;2021-11-04 01:20;509183400;977081712;0;0;124920456;486441448;634103856;1463523160
1635978060;2021-11-04 01:21;454254616;937117408;0;0;126807280;484507160;581061896;1421624568
1635978120;2021-11-04 01:22;457280800;975365680;0;0;122819392;504227896;580100192;1479593576
1635978180;2021-11-04 01:23;456996584;981682520;0;0;123820768;506065856;580817352;1487748376
1635978240;2021-11-04 01:24;456322768;954390744;0;0;120399536;524700752;576722304;1479091496
1635978300;2021-11-04 01:25;446934544;940332360;0;0;120149808;461194096;567084352;1401526456
1635978360;2021-11-04 01:26;463332632;914389816;0;0;130087472;499392072;593420104;1413781888
1635978420;2021-11-04 01:27;452703272;919352768;0;0;124873248;487263152;577576520;1406615920
1635978480;2021-11-04 01:28;439348664;892747880;0;0;117359400;480246664;556708064;1372994544
1635978540;2021-11-04 01:29;432213424;849452544;0;0;120317528;492880320;552530952;1342332864
1635978600;2021-11-04 01:30;475772432;978083328;0;0;115179512;511895528;590951944;1489978856
1635978660;2021-11-04 01:31;469207176;987371344;0;0;116696912;491639448;585904088;1479010792
1635978720;2021-11-04 01:32;478585544;888123408;0;0;121210616;474014264;599796160;1362137672
1635978780;2021-11-04 01:33;489150280;893622608;0;0;117399032;477946512;606549312;1371569120
1635978840;2021-11-04 01:34;481983288;880613736;0;0;124262184;509503200;606245472;1390116936
1635978900;2021-11-04 01:35;568315424;897251976;0;0;131029496;491727240;699344920;1388979216
1635978960;2021-11-04 01:36;588647072;905484144;0;0;128697792;456891480;717344864;1362375624
1635979020;2021-11-04 01:37;509093104;911318952;0;0;140437776;478635352;649530880;1389954304
1635979080;2021-11-04 01:38;484532040;887988088;0;0;124698464;464443824;609230504;1352431912
1635979140;2021-11-04 01:39;455004848;877302664;0;0;127179856;436747800;582184704;1314050464
1635979200;2021-11-04 01:40;468575520;890356664;0;0;131314320;444703112;599889840;1335059776
1635979260;2021-11-04 01:41;448397080;925220224;0;0;139539656;399145216;587936736;1324365440
1635979320;2021-11-04 01:42;449992520;856306208;0;0;123649008;452589104;573641528;1308895312
1635979380;2021-11-04 01:43;510741072;892486736;0;0;126942152;405108224;637683224;1297594960
1635979440;2021-11-04 01:44;528889504;941321376;0;0;126186432;406151560;655075936;1347472936
1635979500;2021-11-04 01:45;539255232;874752208;0;0;130849000;416617080;670104232;1291369288
1635979560;2021-11-04 01:46;580053096;911056424;0;0;127384720;481019904;707437816;1392076328
1635979620;2021-11-04 01:47;562746368;916550464;0;0;124574424;449030352;687320792;1365580816
1635979680;2021-11-04 01:48;568946512;943297992;0;0;128435896;463601232;697382408;1406899224
1635979740;2021-11-04 01:49;493916104;886917096;0;0;123593000;415517824;617509104;1302434920
1635979800;2021-11-04 01:50;509326296;881654440;0;0;127621944;407268608;636948240;1288923048
1635979860;2021-11-04 01:51;495497752;910779400;0;0;116783536;397403440;612281288;1308182840
1635979920;2021-11-04 01:52;546548504;901731640;0;0;122676368;481263288;669224872;1382994928
1635979980;2021-11-04 01:53;557766744;889156728;0;0;112556504;465370024;670323248;1354526752
1635980040;2021-11-04 01:54;562973120;892002048;0;0;110056672;449667896;673029792;1341669944
1635980100;2021-11-04 01:55;591563368;819020040;0;0;122013960;416336152;713577328;1235356192
1635980160;2021-11-04 01:56;512137304;824927240;0;0;109122016;378262232;621259320;1203189472
1635980220;2021-11-04 01:57;539216464;875367936;0;0;106861712;410270936;646078176;1285638872
1635980280;2021-11-04 01:58;607414376;885719912;0;0;109033712;424605176;716448088;1310325088
1635980340;2021-11-04 01:59;592330264;861641600;0;0;108565712;410465224;700895976;1272106824
1635980400;2021-11-04 02:00;587254360;911385816;0;0;107977672;439949128;695232032;1351334944
1635980460;2021-11-04 02:01;573909576;935472624;0;0;102277944;467725248;676187520;1403197872
1635980520;2021-11-04 02:02;537314152;903601080;0;0;107868008;458143288;645182160;1361744368
1635980580;2021-11-04 02:03;567683256;919011632;0;0;107414856;470432552;675098112;1389444184
1635980640;2021-11-04 02:04;547151656;918417976;0;0;110229824;478143688;657381480;1396561664
1635980700;2021-11-04 02:05;584857352;898491152;0;0;112219256;494582464;697076608;1393073616
1635980760;2021-11-04 02:06;617018336;899487504;0;0;110896504;447066496;727914840;1346554000
1635980820;2021-11-04 02:07;608184504;895211264;0;0;108934448;413446224;717118952;1308657488
1635980880;2021-11-04 02:08;590060736;906988656;0;0;104436256;385907080;694496992;1292895736
1635980940;2021-11-04 02:09;559313984;973536432;0;0;108287960;432485744;667601944;1406022176
1635981000;2021-11-04 02:10;611624840;1029917856;0;0;97322232;406205368;708947072;1436123224
1635981060;2021-11-04 02:11;524563688;1012964696;0;0;111780768;312771672;636344456;1325736368
1635981120;2021-11-04 02:12;554331384;974893000;0;0;100922968;282429976;655254352;1257322976
1635981180;2021-11-04 02:13;589149448;875701312;0;0;107009712;335931184;696159160;1211632496
1635981240;2021-11-04 02:14;611015208;869635136;0;0;107519536;312123840;718534744;1181758976
1635981300;2021-11-04 02:15;603706432;852844208;0;0;108003536;306186224;711709968;1159030432
1635981360;2021-11-04 02:16;616488872;920988496;0;0;107166392;354344224;723655264;1275332720
1635981420;2021-11-04 02:17;613021056;905684720;0;0;110936952;335095072;723958008;1240779792
1635981480;2021-11-04 02:18;618904056;855301816;0;0;104498912;348117216;723402968;1203419032
1635981540;2021-11-04 02:19;572640080;809957040;0;0;106494440;377214616;679134520;1187171656
1635981600;2021-11-04 02:20;671888288;830133240;0;0;108983096;361078800;780871384;1191212040
1635981660;2021-11-04 02:21;627950616;807346256;0;0;111799072;339888496;739749688;1147234752
1635981720;2021-11-04 02:22;649864000;859891472;0;0;111041480;324040176;760905480;1183931648
1635981780;2021-11-04 02:23;637429192;793635440;0;0;108089840;351489128;745519032;1145124568
1635981840;2021-11-04 02:24;614806792;774620168;0;0;106424760;375284480;721231552;1149904648
1635981900;2021-11-04 02:25;638134640;803884000;0;0;113395264;387167296;751529904;1191051296
1635981960;2021-11-04 02:26;650730280;773988408;0;0;105059256;333042144;755789536;1107030552
1635982020;2021-11-04 02:27;690244096;773839536;0;0;108751256;328681984;798995352;1102521520
1635982080;2021-11-04 02:28;667544448;801108832;0;0;103071328;352029280;770615776;1153138112
1635982140;2021-11-04 02:29;639567536;811038904;0;0;113201728;307387824;752769264;1118426728
1635982200;2021-11-04 02:30;652232720;805333264;0;0;106281608;318252760;758514328;1123586024
1635982260;2021-11-04 02:31;656157216;850717776;0;0;102194976;382068760;758352192;1232786536
1635982320;2021-11-04 02:32;647171400;846121920;0;0;102365000;365962720;749536400;1212084640
1635982380;2021-11-04 02:33;663325072;853850200;0;0;102816800;373501000;766141872;1227351200
1635982440;2021-11-04 02:34;634157256;815089696;0;0;103019512;363566744;737176768;1178656440
1635982500;2021-11-04 02:35;667316824;828802624;0;0;104053376;350400408;771370200;1179203032
1635982560;2021-11-04 02:36;702632552;796088960;0;0;109593216;365684112;812225768;1161773072
1635982620;2021-11-04 02:37;638942592;831262912;0;0;107727936;394190464;746670528;1225453376
1635982680;2021-11-04 02:38;622170896;804612016;0;0;100793680;359705416;722964576;1164317432
1635982740;2021-11-04 02:39;620711992;767827960;0;0;107091808;347676976;727803800;1115504936
1635982800;2021-11-04 02:40;586959344;812796856;0;0;105085720;332859032;692045064;1145655888
1635982860;2021-11-04 02:41;575498408;839081864;0;0;107910128;340448256;683408536;1179530120
1635982920;2021-11-04 02:42;474009680;769820464;0;0;108627216;317009000;582636896;1086829464
1635982980;2021-11-04 02:43;473058864;776195128;0;0;109632456;345301744;582691320;1121496872
1635983040;2021-11-04 02:44;464401864;750796320;0;0;109557328;325760024;573959192;1076556344
1635983100;2021-11-04 02:45;482200272;816005608;0;0;110788040;290875080;592988312;1106880688
1635983160;2021-11-04 02:46;474702008;876711368;0;0;107717592;319037840;582419600;1195749208
1635983220;2021-11-04 02:47;497500768;825897808;0;0;103483248;332564896;600984016;1158462704
1635983280;2021-11-04 02:48;465471744;827869944;0;0;108919248;288107136;574390992;1115977080
1635983340;2021-11-04 02:49;412175136;813028656;0;0;103252432;282171952;515427568;1095200608
1635983400;2021-11-04 02:50;425374936;929128336;0;0;113708448;318924672;539083384;1248053008
1635983460;2021-11-04 02:51;425079872;853828088;0;0;115380800;342227752;540460672;1196055840
1635983520;2021-11-04 02:52;456372800;874268344;0;0;110230928;361505504;566603728;1235773848
1635983580;2021-11-04 02:53;455422904;827981608;0;0;115771280;376436512;571194184;1204418120
1635983640;2021-11-04 02:54;430297392;862988120;0;0;113329264;397883480;543626656;1260871600
1635983700;2021-11-04 02:55;484237584;945714344;0;0;112345824;365492384;596583408;1311206728
1635983760;2021-11-04 02:56;477177944;841429144;0;0;112318096;405791824;589496040;1247220968
1635983820;2021-11-04 02:57;446127720;840387008;0;0;108606816;338998688;554734536;1179385696
1635983880;2021-11-04 02:58;458211024;763925160;0;0;111927464;367250208;570138488;1131175368
1635983940;2021-11-04 02:59;422525552;733078784;0;0;108328472;345503224;530854024;1078582008
1635984000;2021-11-04 03:00;442549184;853485872;0;0;111957888;439845496;554507072;1293331368
1635984060;2021-11-04 03:01;449519416;844042976;0;0;109896632;373354896;559416048;1217397872
1635984120;2021-11-04 03:02;428130384;844045112;0;0;107901728;400830704;536032112;1244875816
1635984180;2021-11-04 03:03;393556032;974874176;0;0;114483056;329055296;508039088;1303929472
1635984240;2021-11-04 03:04;407631432;801764496;0;0;111662560;349234320;519293992;1150998816
1635984300;2021-11-04 03:05;423636760;917429824;0;0;116719496;376520728;540356256;1293950552
1635984360;2021-11-04 03:06;438609160;901787776;0;0;108826152;349789744;547435312;1251577520
1635984420;2021-11-04 03:07;386459456;803062088;0;0;110832600;347852120;497292056;1150914208
1635984480;2021-11-04 03:08;405837280;790760824;0;0;110582672;340055424;516419952;1130816248
1635984540;2021-11-04 03:09;429757120;748981096;0;0;110663528;375248112;540420648;1124229208
1635984600;2021-11-04 03:10;407088000;917288864;0;0;111021584;417989576;518109584;1335278440
1635984660;2021-11-04 03:11;436650360;911973984;0;0;113338016;401903984;549988376;1313877968
1635984720;2021-11-04 03:12;410462248;894116256;0;0;113424072;342654608;523886320;1236770864
1635984780;2021-11-04 03:13;398365760;868094392;0;0;114080744;288316848;512446504;1156411240
1635984840;2021-11-04 03:14;354938456;819388904;0;0;113407456;275805760;468345912;1095194664
1635984900;2021-11-04 03:15;377883408;909950264;0;0;113258312;334754000;491141720;1244704264
1635984960;2021-11-04 03:16;379534968;902440344;0;0;109005040;329404080;488540008;1231844424
1635985020;2021-11-04 03:17;385891992;837967760;0;0;111218208;329063712;497110200;1167031472
1635985080;2021-11-04 03:18;474064664;780999264;0;0;107171664;308128112;581236328;1089127376
1635985140;2021-11-04 03:19;509389248;673209448;0;0;109605824;319456208;618995072;992665656
1635985200;2021-11-04 03:20;667887120;760293824;0;0;109682968;362828080;777570088;1123121904
1635985260;2021-11-04 03:21;624825336;891603928;0;0;113495352;333479560;738320688;1225083488
1635985320;2021-11-04 03:22;630422536;806115112;0;0;112339848;433011064;742762384;1239126176
1635985380;2021-11-04 03:23;643912680;1026224784;0;0;116432216;248614624;760344896;1274839408
1635985440;2021-11-04 03:24;610892672;724283680;0;0;114989928;396480320;725882600;1120764000
1635985500;2021-11-04 03:25;601253328;948147312;0;0;115181432;301688136;716434760;1249835448
1635985560;2021-11-04 03:26;587637656;775402808;0;0;109075824;287925424;696713480;1063328232
1635985620;2021-11-04 03:27;601863200;755786632;0;0;110543680;231628632;712406880;987415264
1635985680;2021-11-04 03:28;616692536;718233880;0;0;106899880;283859304;723592416;1002093184
1635985740;2021-11-04 03:29;595665032;693037688;0;0;103476360;266203544;699141392;959241232
1635985800;2021-11-04 03:30;609634512;685234296;0;0;110475552;277423440;720110064;962657736
1635985860;2021-11-04 03:31;639176416;727007920;0;0;106930528;316932768;746106944;1043940688
1635985920;2021-11-04 03:32;607778072;707488512;0;0;107797064;342949608;715575136;1050438120
1635985980;2021-11-04 03:33;607354712;717901032;0;0;106369376;352123744;713724088;1070024776
1635986040;2021-11-04 03:34;580114744;642820888;0;0;103515224;311471536;683629968;954292424
1635986100;2021-11-04 03:35;604735736;819375496;0;0;111385608;261775600;716121344;1081151096
1635986160;2021-11-04 03:36;525361568;756120848;0;0;105274416;240365320;630635984;996486168
1635986220;2021-11-04 03:37;507742888;749218360;0;0;104967880;225804232;612710768;975022592
1635986280;2021-11-04 03:38;503208216;702521688;0;0;101875656;245693360;605083872;948215048
1635986340;2021-11-04 03:39;467640608;661035120;0;0;100610760;218333224;568251368;879368344
1635986400;2021-11-04 03:40;432620440;696716584;0;0;106087264;242186008;538707704;938902592
1635986460;2021-11-04 03:41;441319352;679044664;0;0;108047384;240215200;549366736;919259864
1635986520;2021-11-04 03:42;438306456;667887472;0;0;102568240;256333832;540874696;924221304
1635986580;2021-11-04 03:43;436339448;626509024;0;0;106490880;87783792;542830328;714292816
1635986640;2021-11-04 03:44;319557560;424547264;0;0;104178456;44511584;423736016;469058848
1635986700;2021-11-04 03:45;306413544;466159672;0;0;112683232;47864920;419096776;514024592
1635986760;2021-11-04 03:46;323580544;455242856;0;0;101866656;85479856;425447200;540722712
1635986820;2021-11-04 03:47;296136704;528460456;0;0;106944600;229214232;403081304;757674688
1635986880;2021-11-04 03:48;283508376;568843320;0;0;108123216;209772712;391631592;778616032
1635986940;2021-11-04 03:49;270379744;627986856;0;0;103968016;208970320;374347760;836957176
1635987000;2021-11-04 03:50;323172240;692286352;0;0;110062248;187438040;433234488;879724392
1635987060;2021-11-04 03:51;366491280;667042376;0;0;105855120;206698552;472346400;873740928
1635987120;2021-11-04 03:52;346126080;673195568;0;0;108363784;209728816;454489864;882924384
1635987180;2021-11-04 03:53;354880024;663795304;0;0;106290752;170053808;461170776;833849112
1635987240;2021-11-04 03:54;349445400;531569840;0;0;107476120;158787976;456921520;690357816
1635987300;2021-11-04 03:55;354556360;649499408;0;0;112675240;194492584;467231600;843991992
1635987360;2021-11-04 03:56;358716328;554749608;0;0;103468552;223722888;462184880;778472496
1635987420;2021-11-04 03:57;370760968;537023760;0;0;109092288;204938616;479853256;741962376
1635987480;2021-11-04 03:58;548406560;712272936;0;0;107427616;188047448;655834176;900320384
1635987540;2021-11-04 03:59;385342944;551740944;0;0;111047312;157751784;496390256;709492728
1635987600;2021-11-04 04:00;382225536;574052680;0;0;120614776;185489920;502840312;759542600
1635987660;2021-11-04 04:01;411604608;623565296;0;0;112465208;230396464;524069816;853961760
1635987720;2021-11-04 04:02;410723344;605003192;0;0;117582200;213343520;528305544;818346712
1635987780;2021-11-04 04:03;407748080;584799824;0;0;120108744;184399528;527856824;769199352
1635987840;2021-11-04 04:04;384463936;561450552;0;0;115177104;185599384;499641040;747049936
1635987900;2021-11-04 04:05;374780592;595223392;0;0;113402192;206177264;488182784;801400656
1635987960;2021-11-04 04:06;375471168;639415312;0;0;105925936;205010664;481397104;844425976
1635988020;2021-11-04 04:07;444068208;682178576;0;0;108900816;192465048;552969024;874643624
1635988080;2021-11-04 04:08;426949600;642342200;0;0;105819624;185048608;532769224;827390808
1635988140;2021-11-04 04:09;359100792;577742424;0;0;101314792;198498904;460415584;776241328
1635988200;2021-11-04 04:10;357171752;568422952;0;0;148384536;186599264;505556288;755022216
1635988260;2021-11-04 04:11;385699912;599200824;0;0;158358552;244314008;544058464;843514832
1635988320;2021-11-04 04:12;359417160;585363264;0;0;151245704;190543832;510662864;775907096
1635988380;2021-11-04 04:13;335004024;582696816;0;0;146590088;187354680;481594112;770051496
1635988440;2021-11-04 04:14;331175600;541177312;0;0;118569192;189138200;449744792;730315512
1635988500;2021-11-04 04:15;339457856;552531320;0;0;110874104;159492912;450331960;712024232
1635988560;2021-11-04 04:16;362422784;590922400;0;0;103879848;157633328;466302632;748555728
1635988620;2021-11-04 04:17;351531600;602903464;0;0;104756888;156738544;456288488;759642008
1635988680;2021-11-04 04:18;355659440;580020904;0;0;102526592;184853800;458186032;764874704
1635988740;2021-11-04 04:19;371270160;578528544;0;0;103556048;186047208;474826208;764575752
1635988800;2021-11-04 04:20;389792704;555941472;0;0;101306448;178912896;491099152;734854368
1635988860;2021-11-04 04:21;396817232;558749504;0;0;101735368;169133880;498552600;727883384
1635988920;2021-11-04 04:22;385521512;561267096;0;0;101059816;191886512;486581328;753153608
1635988980;2021-11-04 04:23;383612160;554113272;0;0;99753800;171234040;483365960;725347312
1635989040;2021-11-04 04:24;314153408;486890752;0;0;104205992;171750880;418359400;658641632
1635989100;2021-11-04 04:25;306582576;472459384;0;0;105806680;152361176;412389256;624820560
1635989160;2021-11-04 04:26;305455872;491674720;0;0;107371568;160087712;412827440;651762432
1635989220;2021-11-04 04:27;305250328;463532664;0;0;104920672;156175536;410171000;619708200
1635989280;2021-11-04 04:28;298725248;461963416;0;0;101315400;155423992;400040648;617387408
1635989340;2021-11-04 04:29;299514344;494007440;0;0;104229640;159820640;403743984;653828080
1635989400;2021-11-04 04:30;298170920;442584256;0;0;106615096;155639392;404786016;598223648
1635989460;2021-11-04 04:31;312224232;510444832;0;0;110262928;167853600;422487160;678298432
1635989520;2021-11-04 04:32;280100368;458578760;0;0;111133144;170036784;391233512;628615544
1635989580;2021-11-04 04:33;279082128;466434400;0;0;112772696;181060800;391854824;647495200
1635989640;2021-11-04 04:34;301685656;515314472;0;0;115294128;181419672;416979784;696734144
1635989700;2021-11-04 04:35;353377616;481179920;0;0;116032760;154533352;469410376;635713272
1635989760;2021-11-04 04:36;321136360;478238912;0;0;111174576;150915560;432310936;629154472
1635989820;2021-11-04 04:37;318557344;490276560;0;0;113135160;153173168;431692504;643449728
1635989880;2021-11-04 04:38;330124968;480880496;0;0;112204360;155487632;442329328;636368128
1635989940;2021-11-04 04:39;296640528;500838144;0;0;110166384;164527992;406806912;665366136
1635990000;2021-11-04 04:40;320024736;473619960;0;0;109998192;157642016;430022928;631261976
1635990060;2021-11-04 04:41;314558480;448707080;0;0;113672816;155223280;428231296;603930360
1635990120;2021-11-04 04:42;309528456;463474648;0;0;112721776;169797632;422250232;633272280
1635990180;2021-11-04 04:43;311736968;436300072;0;0;114145384;179639696;425882352;615939768
1635990240;2021-11-04 04:44;289882568;433803816;0;0;110696496;175318304;400579064;609122120
1635990300;2021-11-04 04:45;287434832;546915968;0;0;119124704;166817144;406559536;713733112
1635990360;2021-11-04 04:46;321395096;452073240;0;0;109724552;181533120;431119648;633606360
1635990420;2021-11-04 04:47;290728112;462165648;0;0;112449984;164519824;403178096;626685472
1635990480;2021-11-04 04:48;299275504;462905800;0;0;106447424;153063336;405722928;615969136
1635990540;2021-11-04 04:49;273269784;450049416;0;0;107291520;162662904;380561304;612712320
1635990600;2021-11-04 04:50;316252848;454086352;0;0;119819264;150089520;436072112;604175872
1635990660;2021-11-04 04:51;297777288;495552792;0;0;114013040;160421984;411790328;655974776
1635990720;2021-11-04 04:52;283358144;479041392;0;0;115357504;159522864;398715648;638564256
1635990780;2021-11-04 04:53;297963752;469327032;0;0;112994552;147625624;410958304;616952656
1635990840;2021-11-04 04:54;273169232;487912464;0;0;114718648;162102072;387887880;650014536
1635990900;2021-11-04 04:55;283216416;455785712;0;0;118394760;156602784;401611176;612388496
1635990960;2021-11-04 04:56;293589496;502675496;0;0;119398224;163040416;412987720;665715912
1635991020;2021-11-04 04:57;312880032;465833096;0;0;114372208;185918960;427252240;651752056
1635991080;2021-11-04 04:58;300176984;433447536;0;0;115528008;203963680;415704992;637411216
1635991140;2021-11-04 04:59;284436880;427607144;0;0;112572104;164610600;397008984;592217744
1635991200;2021-11-04 05:00;298325512;459967264;0;0;117173888;217078216;415499400;677045480
1635991260;2021-11-04 05:01;292361992;671272112;0;0;106182696;220745168;398544688;892017280
1635991320;2021-11-04 05:02;298437944;651207320;0;0;110206880;162492368;408644824;813699688
1635991380;2021-11-04 05:03;275720376;726951944;0;0;109373160;166102656;385093536;893054600
1635991440;2021-11-04 05:04;262428016;702589360;0;0;107319632;163011008;369747648;865600368
1635991500;2021-11-04 05:05;286222264;537837240;0;0;109690736;167023520;395913000;704860760
1635991560;2021-11-04 05:06;269759416;512299096;0;0;106453016;153900024;376212432;666199120
1635991620;2021-11-04 05:07;262381568;514687464;0;0;111517168;178520888;373898736;693208352
1635991680;2021-11-04 05:08;262096104;531010360;0;0;108955280;179205832;371051384;710216192
1635991740;2021-11-04 05:09;241183032;519036680;0;0;111568608;170286760;352751640;689323440
1635991800;2021-11-04 05:10;224647576;532969216;0;0;79168824;148543792;303816400;681513008
1635991860;2021-11-04 05:11;248837832;574535264;0;0;74884280;177574760;323722112;752110024
1635991920;2021-11-04 05:12;273780760;547954960;0;0;75722248;171353824;349503008;719308784
1635991980;2021-11-04 05:13;281673112;512901664;0;0;73540744;146380128;355213856;659281792
1635992040;2021-11-04 05:14;294825976;472857168;0;0;75996472;161651048;370822448;634508216
1635992100;2021-11-04 05:15;269286312;505277496;0;0;77539080;156330080;346825392;661607576
1635992160;2021-11-04 05:16;281699768;484986728;0;0;66401192;150259464;348100960;635246192
1635992220;2021-11-04 05:17;274529104;529425528;0;0;75194616;180085288;349723720;709510816
1635992280;2021-11-04 05:18;289796040;482139896;0;0;74721176;138139368;364517216;620279264
1635992340;2021-11-04 05:19;271722232;515442320;0;0;72298816;143132328;344021048;658574648
1635992400;2021-11-04 05:20;279634760;465783600;0;0;74454864;149354984;354089624;615138584
1635992460;2021-11-04 05:21;278762464;524437368;0;0;74047600;142861808;352810064;667299176
1635992520;2021-11-04 05:22;262730344;533366320;0;0;74324120;144444384;337054464;677810704
1635992580;2021-11-04 05:23;254558600;483699336;0;0;75224240;145596296;329782840;629295632
1635992640;2021-11-04 05:24;285467968;454806152;0;0;72240968;142193608;357708936;596999760
1635992700;2021-11-04 05:25;280095296;520569784;0;0;75992448;154883400;356087744;675453184
1635992760;2021-11-04 05:26;285565616;497135880;0;0;64393520;138422960;349959136;635558840
1635992820;2021-11-04 05:27;244967312;459925808;0;0;62209080;153807016;307176392;613732824
1635992880;2021-11-04 05:28;230679360;475022488;0;0;65218880;131071336;295898240;606093824
1635992940;2021-11-04 05:29;229173032;451267720;0;0;63715392;135451312;292888424;586719032
1635993000;2021-11-04 05:30;219335712;471325928;0;0;70492544;157880408;289828256;629206336
1635993060;2021-11-04 05:31;237223096;445169776;0;0;65210776;125027112;302433872;570196888
1635993120;2021-11-04 05:32;226961248;468279432;0;0;65622192;142375808;292583440;610655240
1635993180;2021-11-04 05:33;224196264;440832192;0;0;67849904;125635504;292046168;566467696
1635993240;2021-11-04 05:34;228361264;443148560;0;0;63864328;128541312;292225592;571689872
1635993300;2021-11-04 05:35;242879704;515135864;0;0;73895080;129931144;316774784;645067008
1635993360;2021-11-04 05:36;235967840;454920176;0;0;68528032;136454616;304495872;591374792
1635993420;2021-11-04 05:37;234968176;438003320;0;0;64920784;136943744;299888960;574947064
1635993480;2021-11-04 05:38;222164376;434491872;0;0;67006288;140235632;289170664;574727504
1635993540;2021-11-04 05:39;218580408;466910080;0;0;67258616;195823912;285839024;662733992
1635993600;2021-11-04 05:40;239916560;451196416;0;0;66856824;170788208;306773384;621984624
1635993660;2021-11-04 05:41;235104392;487302280;0;0;64176232;171356336;299280624;658658616
1635993720;2021-11-04 05:42;228556584;493725840;0;0;68430808;173983016;296987392;667708856
1635993780;2021-11-04 05:43;223671624;465952248;0;0;65383112;169900304;289054736;635852552
1635993840;2021-11-04 05:44;213865432;485844880;0;0;62471480;193576088;276336912;679420968
1635993900;2021-11-04 05:45;232394432;493087576;0;0;69346792;163056352;301741224;656143928
1635993960;2021-11-04 05:46;242141704;476384008;0;0;65538920;158439744;307680624;634823752
1635994020;2021-11-04 05:47;220672216;506714248;0;0;63976616;179332696;284648832;686046944
1635994080;2021-11-04 05:48;227108832;508727920;0;0;66196392;172850328;293305224;681578248
1635994140;2021-11-04 05:49;247658056;487917328;0;0;64572848;181865440;312230904;669782768
1635994200;2021-11-04 05:50;249056032;486809864;0;0;65324312;190055288;314380344;676865152
1635994260;2021-11-04 05:51;272644648;513852480;0;0;62434504;190520640;335079152;704373120
1635994320;2021-11-04 05:52;250785520;490771848;0;0;69577456;183902248;320362976;674674096
1635994380;2021-11-04 05:53;224239624;534802624;0;0;74426960;192930656;298666584;727733280
1635994440;2021-11-04 05:54;218398456;496755488;0;0;64206304;193676792;282604760;690432280
1635994500;2021-11-04 05:55;190628472;530625088;0;0;69873832;172550328;260502304;703175416
1635994560;2021-11-04 05:56;243534480;519919600;0;0;67169808;181093192;310704288;701012792
1635994620;2021-11-04 05:57;224424400;563736688;0;0;67769736;182250592;292194136;745987280
1635994680;2021-11-04 05:58;213177024;515747096;0;0;65900512;164284520;279077536;680031616
1635994740;2021-11-04 05:59;208599912;507790168;0;0;66058864;146952680;274658776;654742848
1635994800;2021-11-04 06:00;248489240;543209240;0;0;65498424;167841160;313987664;711050400
1635994860;2021-11-04 06:01;269191792;617946304;0;0;66952848;185401672;336144640;803347976
1635994920;2021-11-04 06:02;248824632;592133680;0;0;64682104;183234448;313506736;775368128
1635994980;2021-11-04 06:03;240192928;547837408;0;0;65018480;172615960;305211408;720453368
1635995040;2021-11-04 06:04;316079688;591026088;0;0;0;0;316079688;591026088
1635995100;2021-11-04 06:05;245874936;533509032;0;0;74499672;171828768;320374608;705337800
1635995160;2021-11-04 06:06;246913992;528167648;0;0;67850424;196415936;314764416;724583584
1635995220;2021-11-04 06:07;244789904;543813648;0;0;65996680;190305600;310786584;734119248
1635995280;2021-11-04 06:08;244712328;694113672;0;0;65826040;209076768;310538368;903190440
1635995340;2021-11-04 06:09;243410464;709484552;0;0;64603776;175465696;308014240;884950248
1635995400;2021-11-04 06:10;241425176;691344344;0;0;66270960;141326640;307696136;832670984
1635995460;2021-11-04 06:11;239201928;699339080;0;0;66660848;150659016;305862776;849998096
1635995520;2021-11-04 06:12;225095536;538973024;0;0;65443560;148671376;290539096;687644400
1635995580;2021-11-04 06:13;232110496;486388200;0;0;66451968;156607936;298562464;642996136
1635995640;2021-11-04 06:14;235885696;444366504;0;0;67403824;165790528;303289520;610157032
1635995700;2021-11-04 06:15;234400744;471826280;0;0;68221720;160532096;302622464;632358376
1635995760;2021-11-04 06:16;264129544;594628048;0;0;63922952;187173920;328052496;781801968
1635995820;2021-11-04 06:17;395571624;460042984;0;0;65251544;156798512;460823168;616841496
1635995880;2021-11-04 06:18;260212792;443933992;0;0;64522448;169012784;324735240;612946776
1635995940;2021-11-04 06:19;221831456;465456368;0;0;63362040;160368088;285193496;625824456
1635996000;2021-11-04 06:20;250203136;478746184;0;0;64505112;174684888;314708248;653431072
1635996060;2021-11-04 06:21;241671728;453199592;0;0;64357680;160645120;306029408;613844712
1635996120;2021-11-04 06:22;236689000;461361960;0;0;65203944;176731568;301892944;638093528
1635996180;2021-11-04 06:23;242428056;464782112;0;0;64195448;150056312;306623504;614838424
1635996240;2021-11-04 06:24;233530048;456058832;0;0;64711072;188634088;298241120;644692920
1635996300;2021-11-04 06:25;239275416;475402960;0;0;68231792;163466480;307507208;638869440
1635996360;2021-11-04 06:26;256507328;485890904;0;0;64657224;213057448;321164552;698948352
1635996420;2021-11-04 06:27;234619952;452481688;0;0;63765584;177825528;298385536;630307216
1635996480;2021-11-04 06:28;239591488;449411224;0;0;64546960;188261752;304138448;637672976
1635996540;2021-11-04 06:29;230062032;412949080;0;0;63710880;202855024;293772912;615804104
1635996600;2021-11-04 06:30;267879872;496133528;0;0;65378632;194957368;333258504;691090896
1635996660;2021-11-04 06:31;328706032;609849144;0;0;63255512;183835280;391961544;793684424
1635996720;2021-11-04 06:32;284683032;594796256;0;0;63493192;160886912;348176224;755683168
1635996780;2021-11-04 06:33;254787800;598203904;0;0;68090008;162451960;322877808;760655864
1635996840;2021-11-04 06:34;257248896;557269752;0;0;60768688;172754424;318017584;730024176
1635996900;2021-11-04 06:35;250676800;488998040;0;0;68427232;185382576;319104032;674380616
1635996960;2021-11-04 06:36;264063520;501951312;0;0;64356744;179614296;328420264;681565608
1635997020;2021-11-04 06:37;238456392;471683632;0;0;62588168;184630632;301044560;656314264
1635997080;2021-11-04 06:38;255178768;492891000;0;0;62912848;172725880;318091616;665616880
1635997140;2021-11-04 06:39;249585024;496885136;0;0;64042168;146856248;313627192;643741384
1635997200;2021-11-04 06:40;236179584;512973224;0;0;64405576;170307976;300585160;683281200
1635997260;2021-11-04 06:41;244790248;494728552;0;0;64598664;177320992;309388912;672049544
1635997320;2021-11-04 06:42;240045696;495920216;0;0;63073080;163284720;303118776;659204936
1635997380;2021-11-04 06:43;246554912;487956960;0;0;63638584;152924992;310193496;640881952
1635997440;2021-11-04 06:44;257338896;545953504;0;0;62897280;192094960;320236176;738048464
1635997500;2021-11-04 06:45;251070968;474768704;0;0;64454976;227797792;315525944;702566496
1635997560;2021-11-04 06:46;365346384;493151128;0;0;64193712;214229784;429540096;707380912
1635997620;2021-11-04 06:47;392570144;502838664;0;0;62824928;199312088;455395072;702150752
1635997680;2021-11-04 06:48;241423312;494607720;0;0;61829672;211019896;303252984;705627616
1635997740;2021-11-04 06:49;238671360;499605776;0;0;64540472;212830312;303211832;712436088
1635997800;2021-11-04 06:50;245248208;514922280;0;0;63440680;201537896;308688888;716460176
1635997860;2021-11-04 06:51;270929816;519845856;0;0;66470304;207319808;337400120;727165664
1635997920;2021-11-04 06:52;215492760;513720608;0;0;63993000;213266496;279485760;726987104
1635997980;2021-11-04 06:53;241798832;559233680;0;0;66073944;220084448;307872776;779318128
1635998040;2021-11-04 06:54;242835752;570785984;0;0;66660432;202825328;309496184;773611312
1635998100;2021-11-04 06:55;232245872;558542048;0;0;69283392;201046048;301529264;759588096
1635998160;2021-11-04 06:56;238159328;597952752;0;0;67352776;196643592;305512104;794596344
1635998220;2021-11-04 06:57;243676368;548268600;0;0;66108848;196035240;309785216;744303840
1635998280;2021-11-04 06:58;248912792;586200712;0;0;62676168;222457232;311588960;808657944
1635998340;2021-11-04 06:59;218717544;525042312;0;0;63591600;194793224;282309144;719835536
1635998400;2021-11-04 07:00;232579952;559288736;0;0;63031712;214583592;295611664;773872328
1635998460;2021-11-04 07:01;248993832;608237352;0;0;64007016;202002416;313000848;810239768
1635998520;2021-11-04 07:02;233875336;592755768;0;0;63214552;216154568;297089888;808910336
1635998580;2021-11-04 07:03;236318480;578784792;0;0;62812000;200285416;299130480;779070208
1635998640;2021-11-04 07:04;233692064;520651928;0;0;64118824;219519376;297810888;740171304
1635998700;2021-11-04 07:05;233218272;571838952;0;0;66837640;218111936;300055912;789950888
1635998760;2021-11-04 07:06;226844528;554563664;0;0;62935504;194306232;289780032;748869896
1635998820;2021-11-04 07:07;240489592;581486640;0;0;62559552;215438672;303049144;796925312
1635998880;2021-11-04 07:08;232175160;713553544;0;0;64368448;202529616;296543608;916083160
1635998940;2021-11-04 07:09;236546248;611304568;0;0;66044600;219136744;302590848;830441312
1635999000;2021-11-04 07:10;238914368;663679192;0;0;63345168;228916400;302259536;892595592
1635999060;2021-11-04 07:11;234631968;548722120;0;0;63879112;243073976;298511080;791796096
1635999120;2021-11-04 07:12;227162704;562837752;0;0;64590136;224318640;291752840;787156392
1635999180;2021-11-04 07:13;236588136;542711504;0;0;64350288;234548200;300938424;777259704
1635999240;2021-11-04 07:14;248465920;534821072;0;0;64965592;225808352;313431512;760629424
1635999300;2021-11-04 07:15;255268632;517382224;0;0;69845928;207151272;325114560;724533496
1635999360;2021-11-04 07:16;255674112;626618808;0;0;63354864;204205448;319028976;830824256
1635999420;2021-11-04 07:17;236371688;562040992;0;0;64176192;230387912;300547880;792428904
1635999480;2021-11-04 07:18;225517248;474975176;0;0;64833352;236583136;290350600;711558312
1635999540;2021-11-04 07:19;257091784;538701936;0;0;64006048;220640768;321097832;759342704
1635999600;2021-11-04 07:20;270010664;564573920;0;0;63852000;254267040;333862664;818840960
1635999660;2021-11-04 07:21;244875160;521730880;0;0;67537816;232877608;312412976;754608488
1635999720;2021-11-04 07:22;218550384;501256808;0;0;65653928;214000240;284204312;715257048
1635999780;2021-11-04 07:23;228724264;539610144;0;0;65731936;202129896;294456200;741740040
1635999840;2021-11-04 07:24;226904440;543551280;0;0;67040576;224309744;293945016;767861024
1635999900;2021-11-04 07:25;233348432;526658808;0;0;72091552;229696072;305439984;756354880
1635999960;2021-11-04 07:26;246686984;527528408;0;0;65393648;194029040;312080632;721557448
1636000020;2021-11-04 07:27;236160496;508282776;0;0;67397720;195296416;303558216;703579192
1636000080;2021-11-04 07:28;241852776;562203720;0;0;65356408;182644704;307209184;744848424
1636000140;2021-11-04 07:29;233324736;541823456;0;0;64632712;186486136;297957448;728309592
1636000200;2021-11-04 07:30;235236240;513844760;0;0;64811520;216432952;300047760;730277712
1636000260;2021-11-04 07:31;246128752;515366976;0;0;66186704;199422752;312315456;714789728
1636000320;2021-11-04 07:32;254800584;546404744;0;0;64418832;228154248;319219416;774558992
1636000380;2021-11-04 07:33;250992088;582915696;0;0;66761128;212540584;317753216;795456280
1636000440;2021-11-04 07:34;234246376;525982056;0;0;66496888;247938384;300743264;773920440
1636000500;2021-11-04 07:35;241407600;602093616;0;0;67662952;245436680;309070552;847530296
1636000560;2021-11-04 07:36;224536224;568028200;0;0;64878664;234033792;289414888;802061992
1636000620;2021-11-04 07:37;266892984;629452352;0;0;64539992;224977656;331432976;854430008
1636000680;2021-11-04 07:38;239171712;574800128;0;0;65285272;202423952;304456984;777224080
1636000740;2021-11-04 07:39;227589176;544303352;0;0;63682144;208799272;291271320;753102624
1636000800;2021-11-04 07:40;197371616;530069736;0;0;65357064;201457136;262728680;731526872
1636000860;2021-11-04 07:41;204612888;529695376;0;0;67335880;211237168;271948768;740932544
1636000920;2021-11-04 07:42;210575016;530173776;0;0;66527680;211112768;277102696;741286544
1636000980;2021-11-04 07:43;214962640;539151768;0;0;79162832;222284216;294125472;761435984
1636001040;2021-11-04 07:44;206063080;544943840;0;0;76592944;249270088;282656024;794213928
1636001100;2021-11-04 07:45;202166536;505317680;0;0;72326760;227644072;274493296;732961752
1636001160;2021-11-04 07:46;247784016;500770568;0;0;72448712;235641272;320232728;736411840
1636001220;2021-11-04 07:47;197608968;569561552;0;0;68906472;217857264;266515440;787418816
1636001280;2021-11-04 07:48;210419320;561060384;0;0;68922968;261197928;279342288;822258312
1636001340;2021-11-04 07:49;199262624;556891808;0;0;65489048;248941496;264751672;805833304
1636001400;2021-11-04 07:50;211207648;517662344;0;0;69281344;267618992;280488992;785281336
1636001460;2021-11-04 07:51;206626224;468836752;0;0;68233096;243050104;274859320;711886856
1636001520;2021-11-04 07:52;208487704;526963376;0;0;66208608;211527480;274696312;738490856
1636001580;2021-11-04 07:53;207961768;535317776;0;0;64530688;229890400;272492456;765208176
1636001640;2021-11-04 07:54;182677760;521456384;0;0;68518888;234749776;251196648;756206160
1636001700;2021-11-04 07:55;232327848;564948056;0;0;69578592;212543272;301906440;777491328
1636001760;2021-11-04 07:56;231928872;559297840;0;0;65456136;248464784;297385008;807762624
1636001820;2021-11-04 07:57;208129752;543500184;0;0;66976240;245466896;275105992;788967080
1636001880;2021-11-04 07:58;210715496;506928400;0;0;66675744;272729272;277391240;779657672
1636001940;2021-11-04 07:59;215517704;511466568;0;0;65711504;284525376;281229208;795991944
1636002000;2021-11-04 08:00;217136072;580915408;0;0;64228112;323814840;281364184;904730248
1636002060;2021-11-04 08:01;235143616;588761632;0;0;66477400;293600824;301621016;882362456
1636002120;2021-11-04 08:02;214203816;632807608;0;0;73299256;304322112;287503072;937129720
1636002180;2021-11-04 08:03;210538144;596194384;0;0;71748072;249210792;282286216;845405176
1636002240;2021-11-04 08:04;193947488;565468240;0;0;67322272;258286000;261269760;823754240
1636002300;2021-11-04 08:05;215670640;620381880;0;0;69201520;244165400;284872160;864547280
1636002360;2021-11-04 08:06;218610016;599004576;0;0;63111144;235387792;281721160;834392368
1636002420;2021-11-04 08:07;215354104;611503928;0;0;64533584;275152264;279887688;886656192
1636002480;2021-11-04 08:08;247467520;610725472;0;0;64303400;238151400;311770920;848876872
1636002540;2021-11-04 08:09;223727512;585917672;0;0;67981976;253776744;291709488;839694416
1636002600;2021-11-04 08:10;245878416;597029968;0;0;65631240;270228752;311509656;867258720
1636002660;2021-11-04 08:11;223997248;650281896;0;0;62148720;270430128;286145968;920712024
1636002720;2021-11-04 08:12;223775344;621400920;0;0;64776736;278241456;288552080;899642376
1636002780;2021-11-04 08:13;235382944;631216256;0;0;62491224;259265520;297874168;890481776
1636002840;2021-11-04 08:14;232467752;522227488;0;0;62734272;282076256;295202024;804303744
1636002900;2021-11-04 08:15;230481776;546033032;0;0;65679400;281433880;296161176;827466912
1636002960;2021-11-04 08:16;244157816;552184864;0;0;62627784;276381240;306785600;828566104
1636003020;2021-11-04 08:17;228536184;573728240;0;0;63167096;282907296;291703280;856635536
1636003080;2021-11-04 08:18;233515024;513965088;0;0;63745816;277082936;297260840;791048024
1636003140;2021-11-04 08:19;229807688;540772832;0;0;59367056;319037664;289174744;859810496
1636003200;2021-11-04 08:20;228368696;576914248;0;0;65745456;358996872;294114152;935911120
1636003260;2021-11-04 08:21;216623712;578567216;0;0;59225712;305769432;275849424;884336648
1636003320;2021-11-04 08:22;246795832;585658328;0;0;61206992;301156368;308002824;886814696
1636003380;2021-11-04 08:23;231761088;620109464;0;0;63474000;261992368;295235088;882101832
1636003440;2021-11-04 08:24;215507848;647177472;0;0;64557456;292095112;280065304;939272584
1636003500;2021-11-04 08:25;184840704;591570168;0;0;62802592;319948272;247643296;911518440
1636003560;2021-11-04 08:26;233577000;650412136;0;0;59208680;308918464;292785680;959330600
1636003620;2021-11-04 08:27;261037128;595033608;0;0;61051456;289881064;322088584;884914672
1636003680;2021-11-04 08:28;279260016;698072680;0;0;60573896;288854432;339833912;986927112
1636003740;2021-11-04 08:29;246594392;582802032;0;0;58346200;286656904;304940592;869458936
1636003800;2021-11-04 08:30;249483600;678414984;0;0;63105824;320099504;312589424;998514488
1636003860;2021-11-04 08:31;266558896;629857352;0;0;60585224;315259136;327144120;945116488
1636003920;2021-11-04 08:32;244523912;632924232;0;0;60233440;344174424;304757352;977098656
1636003980;2021-11-04 08:33;246295712;641536544;0;0;59313896;386190480;305609608;1027727024
1636004040;2021-11-04 08:34;238340464;558667536;0;0;61258456;364085832;299598920;922753368
1636004100;2021-11-04 08:35;258811312;721691248;0;0;62286784;325241296;321098096;1046932544
1636004160;2021-11-04 08:36;264116960;639952920;0;0;57723160;357741600;321840120;997694520
1636004220;2021-11-04 08:37;276213648;681728072;0;0;58483744;335247768;334697392;1016975840
1636004280;2021-11-04 08:38;273108816;658776592;0;0;62755336;340155688;335864152;998932280
1636004340;2021-11-04 08:39;275145272;682225744;0;0;56401216;311179016;331546488;993404760
1636004400;2021-11-04 08:40;288611392;624484384;0;0;57154488;357718992;345765880;982203376
1636004460;2021-11-04 08:41;275585960;656512864;0;0;66495704;407729280;342081664;1064242144
1636004520;2021-11-04 08:42;271859640;726122200;0;0;60992928;411804552;332852568;1137926752
1636004580;2021-11-04 08:43;278588920;683214784;0;0;62039432;410763832;340628352;1093978616
1636004640;2021-11-04 08:44;253700424;637960112;0;0;54411464;432193840;308111888;1070153952
1636004700;2021-11-04 08:45;269642680;722922880;0;0;70033768;433529904;339676448;1156452784
1636004760;2021-11-04 08:46;273328896;694522720;0;0;69950568;391674080;343279464;1086196800
1636004820;2021-11-04 08:47;252349456;685726872;0;0;64151288;367292792;316500744;1053019664
1636004880;2021-11-04 08:48;247062984;693445280;0;0;59299568;393016648;306362552;1086461928
1636004940;2021-11-04 08:49;246199616;697872360;0;0;60042880;408738912;306242496;1106611272
1636005000;2021-11-04 08:50;270774616;716369736;0;0;59437824;425797392;330212440;1142167128
1636005060;2021-11-04 08:51;270550328;682546824;0;0;61491016;447687096;332041344;1130233920
1636005120;2021-11-04 08:52;249660040;724988328;0;0;57643680;418745848;307303720;1143734176
1636005180;2021-11-04 08:53;226486880;680703064;0;0;61917744;407946816;288404624;1088649880
1636005240;2021-11-04 08:54;265802728;693578408;0;0;62209968;442743680;328012696;1136322088
1636005300;2021-11-04 08:55;263262256;697779288;0;0;63765928;399142048;327028184;1096921336
1636005360;2021-11-04 08:56;240787016;721587832;0;0;59519168;422671504;300306184;1144259336
1636005420;2021-11-04 08:57;242986488;764412392;0;0;62882312;385175928;305868800;1149588320
1636005480;2021-11-04 08:58;256047176;749734912;0;0;65169448;419765432;321216624;1169500344
1636005540;2021-11-04 08:59;241455800;700218936;0;0;68289544;446723952;309745344;1146942888
1636005600;2021-11-04 09:00;254131384;785075624;0;0;61284264;420190728;315415648;1205266352
1636005660;2021-11-04 09:01;294490640;828843160;0;0;58846296;425945272;353336936;1254788432
1636005720;2021-11-04 09:02;273012816;850346960;0;0;74177552;410961376;347190368;1261308336
1636005780;2021-11-04 09:03;263683072;876952392;0;0;60525824;461262608;324208896;1338215000
1636005840;2021-11-04 09:04;273852216;817494720;0;0;59449984;452001968;333302200;1269496688
1636005900;2021-11-04 09:05;264427080;822503768;0;0;65808264;462969872;330235344;1285473640
1636005960;2021-11-04 09:06;261810496;808076392;0;0;60548192;541035304;322358688;1349111696
1636006020;2021-11-04 09:07;298154392;870688432;0;0;61694416;473340584;359848808;1344029016
1636006080;2021-11-04 09:08;274969920;875366880;0;0;61785848;482511848;336755768;1357878728
1636006140;2021-11-04 09:09;272135872;872780232;0;0;63179280;417414008;335315152;1290194240
1636006200;2021-11-04 09:10;258551848;840468616;0;0;63304800;449695608;321856648;1290164224
1636006260;2021-11-04 09:11;268225136;913122640;0;0;68835864;445730792;337061000;1358853432
1636006320;2021-11-04 09:12;270079648;796893552;0;0;62030824;498762192;332110472;1295655744
1636006380;2021-11-04 09:13;262119392;759328856;0;0;61607600;496654528;323726992;1255983384
1636006440;2021-11-04 09:14;240585224;737966488;0;0;63918296;503718512;304503520;1241685000
1636006500;2021-11-04 09:15;270664776;800758408;0;0;68167872;450627904;338832648;1251386312
1636006560;2021-11-04 09:16;273729320;802927464;0;0;65778600;440724672;339507920;1243652136
1636006620;2021-11-04 09:17;273264784;738636824;0;0;66677264;474931440;339942048;1213568264
1636006680;2021-11-04 09:18;276439432;778984376;0;0;60875200;412534096;337314632;1191518472
1636006740;2021-11-04 09:19;249341256;796598792;0;0;59591920;493450848;308933176;1290049640
1636006800;2021-11-04 09:20;248116208;740420032;0;0;66814328;511497144;314930536;1251917176
1636006860;2021-11-04 09:21;284678656;810701632;0;0;64427400;468988640;349106056;1279690272
1636006920;2021-11-04 09:22;264259592;820047696;0;0;67419176;508391264;331678768;1328438960
1636006980;2021-11-04 09:23;285172216;787570216;0;0;70724056;454960816;355896272;1242531032
1636007040;2021-11-04 09:24;276555896;730942264;0;0;69950528;443386112;346506424;1174328376
1636007100;2021-11-04 09:25;274507216;879638888;0;0;74558080;462958248;349065296;1342597136
1636007160;2021-11-04 09:26;328958736;857793440;0;0;69039712;492237688;397998448;1350031128
1636007220;2021-11-04 09:27;358921848;806040920;0;0;97963544;475894120;456885392;1281935040
1636007280;2021-11-04 09:28;273783768;751727264;0;0;69084080;429205472;342867848;1180932736
1636007340;2021-11-04 09:29;238066456;811409336;0;0;93329424;540206304;331395880;1351615640
1636007400;2021-11-04 09:30;263235456;812965640;0;0;90485416;527201760;353720872;1340167400
1636007460;2021-11-04 09:31;262812936;816895504;0;0;88031032;517154976;350843968;1334050480
1636007520;2021-11-04 09:32;250562744;828767392;0;0;71015656;529853736;321578400;1358621128
1636007580;2021-11-04 09:33;259634768;846743184;0;0;67640008;517164432;327274776;1363907616
1636007640;2021-11-04 09:34;239304952;820406056;0;0;70000568;514705664;309305520;1335111720
1636007700;2021-11-04 09:35;239561016;788119064;0;0;75653944;546475664;315214960;1334594728
1636007760;2021-11-04 09:36;240970056;802316696;0;0;66378432;527829752;307348488;1330146448
1636007820;2021-11-04 09:37;244295912;817383472;0;0;77260560;545551152;321556472;1362934624
1636007880;2021-11-04 09:38;234905016;768218280;0;0;64121752;541409440;299026768;1309627720
1636007940;2021-11-04 09:39;256339808;823488096;0;0;63878904;472198792;320218712;1295686888
1636008000;2021-11-04 09:40;250767832;820536216;0;0;66469464;467252304;317237296;1287788520
1636008060;2021-11-04 09:41;235923008;820312600;0;0;66595696;490359440;302518704;1310672040
1636008120;2021-11-04 09:42;234023168;790523360;0;0;67362256;479183024;301385424;1269706384
1636008180;2021-11-04 09:43;232386248;931978232;0;0;69019176;492839880;301405424;1424818112
1636008240;2021-11-04 09:44;450176944;861363712;0;0;68465560;452623584;518642504;1313987296
1636008300;2021-11-04 09:45;198464464;879382656;0;0;70676112;509074240;269140576;1388456896
1636008360;2021-11-04 09:46;257359888;897993592;0;0;72862000;506693192;330221888;1404686784
1636008420;2021-11-04 09:47;221327192;861791344;0;0;68781120;471164392;290108312;1332955736
1636008480;2021-11-04 09:48;247501688;937179528;0;0;67237896;483137960;314739584;1420317488
1636008540;2021-11-04 09:49;220239664;937872920;0;0;84649400;463752704;304889064;1401625624
1636008600;2021-11-04 09:50;223720048;947185760;0;0;72627568;440413432;296347616;1387599192
1636008660;2021-11-04 09:51;224505128;961430848;0;0;68723528;502597336;293228656;1464028184
1636008720;2021-11-04 09:52;217043480;934594744;0;0;65196256;509879904;282239736;1444474648
1636008780;2021-11-04 09:53;225806064;974304936;0;0;62284680;535391208;288090744;1509696144
1636008840;2021-11-04 09:54;217042480;936069152;0;0;94939136;535197760;311981616;1471266912
1636008900;2021-11-04 09:55;235285064;905652104;0;0;114857600;561434024;350142664;1467086128
1636008960;2021-11-04 09:56;242978744;938748312;0;0;112815944;522654072;355794688;1461402384
1636009020;2021-11-04 09:57;246444640;946740272;0;0;135600008;538995056;382044648;1485735328
1636009080;2021-11-04 09:58;252683696;888886760;0;0;104813192;605216864;357496888;1494103624
1636009140;2021-11-04 09:59;239511552;935595928;0;0;102290288;562304680;341801840;1497900608
1636009200;2021-11-04 10:00;262845432;988785456;0;0;118287976;659424592;381133408;1648210048
1636009260;2021-11-04 10:01;281325720;1084652096;0;0;107108848;642222048;388434568;1726874144
1636009320;2021-11-04 10:02;259885232;998372760;0;0;101820648;576782792;361705880;1575155552
1636009380;2021-11-04 10:03;256688008;1017005728;0;0;95978704;573764184;352666712;1590769912
1636009440;2021-11-04 10:04;262559432;988066248;0;0;101837536;547097336;364396968;1535163584
1636009500;2021-11-04 10:05;275723072;1059414456;0;0;113524344;570561952;389247416;1629976408
1636009560;2021-11-04 10:06;257184720;1064727008;0;0;109184368;519006392;366369088;1583733400
1636009620;2021-11-04 10:07;280683280;931310896;0;0;108755296;539615856;389438576;1470926752
1636009680;2021-11-04 10:08;237943984;1006208392;0;0;108772088;531530608;346716072;1537739000
1636009740;2021-11-04 10:09;286927848;995285176;0;0;65026992;576222784;351954840;1571507960
1636009800;2021-11-04 10:10;295935576;1019377368;0;0;60012256;606852424;355947832;1626229792
1636009860;2021-11-04 10:11;298563064;1029578408;0;0;61280832;579850584;359843896;1609428992
1636009920;2021-11-04 10:12;272753824;1010387152;0;0;61216920;562891944;333970744;1573279096
1636009980;2021-11-04 10:13;275256656;933572224;0;0;58554032;568909176;333810688;1502481400
1636010040;2021-11-04 10:14;257626880;895621072;0;0;63014880;568761304;320641760;1464382376
1636010100;2021-11-04 10:15;284746344;891140120;0;0;56546760;560362976;341293104;1451503096
1636010160;2021-11-04 10:16;289159952;972871728;0;0;56010448;628807848;345170400;1601679576
1636010220;2021-11-04 10:17;280704768;931689720;0;0;64024024;623172544;344728792;1554862264
1636010280;2021-11-04 10:18;320573560;899775864;0;0;64936840;578839272;385510400;1478615136
1636010340;2021-11-04 10:19;311264576;955222640;0;0;62970040;589106856;374234616;1544329496
1636010400;2021-11-04 10:20;287551608;948953376;0;0;61890496;605039040;349442104;1553992416
1636010460;2021-11-04 10:21;295602504;973874208;0;0;63113272;598293408;358715776;1572167616
1636010520;2021-11-04 10:22;290440320;962625624;0;0;57704968;548001512;348145288;1510627136
1636010580;2021-11-04 10:23;310142280;1015604888;0;0;64735776;593273576;374878056;1608878464
1636010640;2021-11-04 10:24;300382536;989557296;0;0;70727408;547103560;371109944;1536660856
1636010700;2021-11-04 10:25;277685240;960136000;0;0;76011248;594371432;353696488;1554507432
1636010760;2021-11-04 10:26;381670880;1014312968;0;0;94703648;645811176;476374528;1660124144
1636010820;2021-11-04 10:27;427737232;1035998576;0;0;72150752;686962096;499887984;1722960672
1636010880;2021-11-04 10:28;286909864;942323928;0;0;79691160;663231688;366601024;1605555616
1636010940;2021-11-04 10:29;274231848;970240608;0;0;52927504;652628224;327159352;1622868832
1636011000;2021-11-04 10:30;325560320;962341848;0;0;50198056;680903688;375758376;1643245536
1636011060;2021-11-04 10:31;304277080;988082280;0;0;50876672;591243384;355153752;1579325664
1636011120;2021-11-04 10:32;298340584;990641728;0;0;50323416;651201536;348664000;1641843264
1636011180;2021-11-04 10:33;280027760;987935376;0;0;53204400;673279608;333232160;1661214984
1636011240;2021-11-04 10:34;301868400;1043423344;0;0;46332288;570026344;348200688;1613449688
1636011300;2021-11-04 10:35;273392720;1081275376;0;0;56790472;622600976;330183192;1703876352
1636011360;2021-11-04 10:36;273087928;1004882704;0;0;55346608;652367360;328434536;1657250064
1636011420;2021-11-04 10:37;284493656;1034128824;0;0;53747952;598474256;338241608;1632603080
1636011480;2021-11-04 10:38;290176256;1041149664;0;0;52956072;668913584;343132328;1710063248
1636011540;2021-11-04 10:39;286487856;987121896;0;0;51190432;602561808;337678288;1589683704
1636011600;2021-11-04 10:40;297813936;1038526368;0;0;54661824;623743640;352475760;1662270008
1636011660;2021-11-04 10:41;296730040;1103039352;0;0;59279536;594181536;356009576;1697220888
1636011720;2021-11-04 10:42;295812904;1083136880;0;0;53862528;673164264;349675432;1756301144
1636011780;2021-11-04 10:43;288823696;1126557512;0;0;54611264;635331856;343434960;1761889368
1636011840;2021-11-04 10:44;293918480;1171540768;0;0;57132728;717169600;351051208;1888710368
1636011900;2021-11-04 10:45;278038848;1134856560;0;0;73416288;684461664;351455136;1819318224
1636011960;2021-11-04 10:46;299695792;1091203656;0;0;59873472;701124400;359569264;1792328056
1636012020;2021-11-04 10:47;287623656;1066425136;0;0;59082384;661847056;346706040;1728272192
1636012080;2021-11-04 10:48;288178592;1059267264;0;0;55246008;725010136;343424600;1784277400
1636012140;2021-11-04 10:49;273987072;1063759000;0;0;54909624;652304048;328896696;1716063048
1636012200;2021-11-04 10:50;297348336;1129165912;0;0;52213912;656024424;349562248;1785190336
1636012260;2021-11-04 10:51;283627472;1131839016;0;0;67580232;635003936;351207704;1766842952
1636012320;2021-11-04 10:52;282613768;1090923072;0;0;66168080;629015712;348781848;1719938784
1636012380;2021-11-04 10:53;304130496;1080834792;0;0;61986496;630457152;366116992;1711291944
1636012440;2021-11-04 10:54;321969536;1105318584;0;0;57079856;685531912;379049392;1790850496
1636012500;2021-11-04 10:55;308837240;1056343336;0;0;62051848;699443128;370889088;1755786464
1636012560;2021-11-04 10:56;304951064;1057829360;0;0;58771384;807748976;363722448;1865578336
1636012620;2021-11-04 10:57;312476432;994383584;0;0;58658656;729907760;371135088;1724291344
1636012680;2021-11-04 10:58;322094928;1165560968;0;0;62762752;731785800;384857680;1897346768
1636012740;2021-11-04 10:59;321775504;1154414104;0;0;61258024;682768352;383033528;1837182456
1636012800;2021-11-04 11:00;328303736;1191163824;0;0;69711352;691065048;398015088;1882228872
1636012860;2021-11-04 11:01;354648048;1354858232;0;0;87002600;687242432;441650648;2042100664
1636012920;2021-11-04 11:02;320154496;1265922096;0;0;83716648;663840496;403871144;1929762592
1636012980;2021-11-04 11:03;322075832;1215255880;0;0;73644152;702316240;395719984;1917572120
1636013040;2021-11-04 11:04;305759112;1157286784;0;0;73420624;767806184;379179736;1925092968
1636013100;2021-11-04 11:05;308122568;1157576528;0;0;83261528;765429600;391384096;1923006128
1636013160;2021-11-04 11:06;313474424;1177174992;0;0;71213640;786947752;384688064;1964122744
1636013220;2021-11-04 11:07;299835232;1200421648;0;0;77548872;745258912;377384104;1945680560
1636013280;2021-11-04 11:08;330583456;1203987224;0;0;79197000;741732248;409780456;1945719472
1636013340;2021-11-04 11:09;311572200;1111992424;0;0;76751144;730176992;388323344;1842169416
1636013400;2021-11-04 11:10;315558672;1312765880;0;0;79597456;714731040;395156128;2027496920
1636013460;2021-11-04 11:11;319812568;1238624544;0;0;86836592;709618528;406649160;1948243072
1636013520;2021-11-04 11:12;331328368;1137374704;0;0;79269752;692657376;410598120;1830032080
1636013580;2021-11-04 11:13;322107368;1171670616;0;0;83646848;645557072;405754216;1817227688
1636013640;2021-11-04 11:14;315488576;1166020912;0;0;86192216;743591952;401680792;1909612864
1636013700;2021-11-04 11:15;392901576;1239567632;0;0;79019832;733073096;471921408;1972640728
1636013760;2021-11-04 11:16;372679376;1161555312;0;0;78854328;691736664;451533704;1853291976
1636013820;2021-11-04 11:17;340622840;1128822736;0;0;75733624;679955472;416356464;1808778208
1636013880;2021-11-04 11:18;378949360;1142933248;0;0;76100680;691661648;455050040;1834594896
1636013940;2021-11-04 11:19;371242680;1063548408;0;0;89677144;645493904;460919824;1709042312
1636014000;2021-11-04 11:20;384068136;1217790936;0;0;84749944;726985528;468818080;1944776464
1636014060;2021-11-04 11:21;422896128;1220134944;0;0;88517336;792387128;511413464;2012522072
1636014120;2021-11-04 11:22;364421344;1113320696;0;0;82434848;749447736;446856192;1862768432
1636014180;2021-11-04 11:23;335842768;1157489712;0;0;89064824;757842368;424907592;1915332080
1636014240;2021-11-04 11:24;349943288;1080974384;0;0;81280864;665555336;431224152;1746529720
1636014300;2021-11-04 11:25;378225528;1147879152;0;0;91630504;696331216;469856032;1844210368
1636014360;2021-11-04 11:26;445547808;1119183264;0;0;80176632;733761872;525724440;1852945136
1636014420;2021-11-04 11:27;444256520;1120339248;0;0;79337600;672547208;523594120;1792886456
1636014480;2021-11-04 11:28;361148920;1127161624;0;0;76322072;627354448;437470992;1754516072
1636014540;2021-11-04 11:29;377164160;1161087376;0;0;76953232;638501672;454117392;1799589048
1636014600;2021-11-04 11:30;340658464;1139827672;0;0;79781744;734327944;420440208;1874155616
1636014660;2021-11-04 11:31;392152520;1098397056;0;0;71713088;676123336;463865608;1774520392
1636014720;2021-11-04 11:32;363248792;1225177056;0;0;85924760;779420720;449173552;2004597776
1636014780;2021-11-04 11:33;357229208;1171948648;0;0;79853000;714192752;437082208;1886141400
1636014840;2021-11-04 11:34;374168864;1138020928;0;0;72664800;735420136;446833664;1873441064
1636014900;2021-11-04 11:35;347266624;1177971520;0;0;81618000;677315056;428884624;1855286576
1636014960;2021-11-04 11:36;349046112;1140082504;0;0;79159472;706867352;428205584;1846949856
1636015020;2021-11-04 11:37;337266344;1093390736;0;0;91676832;695354920;428943176;1788745656
1636015080;2021-11-04 11:38;341397152;1118882648;0;0;79974240;720292864;421371392;1839175512
1636015140;2021-11-04 11:39;368273968;1055845592;0;0;83694992;678410504;451968960;1734256096
1636015200;2021-11-04 11:40;319515272;1159435128;0;0;81589488;690805168;401104760;1850240296
1636015260;2021-11-04 11:41;325939992;1115646976;0;0;106066984;670191912;432006976;1785838888
1636015320;2021-11-04 11:42;327379312;1128525800;0;0;125933240;625799128;453312552;1754324928
1636015380;2021-11-04 11:43;328451928;1034706480;0;0;89264840;620756704;417716768;1655463184
1636015440;2021-11-04 11:44;337567664;1092130184;0;0;106863184;632488912;444430848;1724619096
1636015500;2021-11-04 11:45;340401872;1144917104;0;0;141521720;628263048;481923592;1773180152
1636015560;2021-11-04 11:46;351202432;1156118152;0;0;130838672;651981952;482041104;1808100104
1636015620;2021-11-04 11:47;350582720;1182474864;0;0;137842304;713799144;488425024;1896274008
1636015680;2021-11-04 11:48;348689640;1145345360;0;0;136603176;663730024;485292816;1809075384
1636015740;2021-11-04 11:49;331034744;1127570408;0;0;127144872;664157760;458179616;1791728168
1636015800;2021-11-04 11:50;367090184;1117396408;0;0;131358712;639546592;498448896;1756943000
1636015860;2021-11-04 11:51;346871880;1090231680;0;0;129165624;696676304;476037504;1786907984
1636015920;2021-11-04 11:52;344485400;1229389584;0;0;123822048;734045400;468307448;1963434984
1636015980;2021-11-04 11:53;369600600;1140577648;0;0;122522632;679549688;492123232;1820127336
1636016040;2021-11-04 11:54;362795280;1074071384;0;0;135692096;716098328;498487376;1790169712
1636016100;2021-11-04 11:55;365665656;1206833176;0;0;156556664;778670360;522222320;1985503536
1636016160;2021-11-04 11:56;374475704;1110640880;0;0;118750464;745774976;493226168;1856415856
1636016220;2021-11-04 11:57;381178848;1158271464;0;0;154543624;732825624;535722472;1891097088
1636016280;2021-11-04 11:58;378370824;1166431176;0;0;134330344;675312264;512701168;1841743440
1636016340;2021-11-04 11:59;410988184;1158412032;0;0;93637984;786630376;504626168;1945042408
1636016400;2021-11-04 12:00;407043952;1213511920;0;0;78729280;773933424;485773232;1987445344
1636016460;2021-11-04 12:01;431134056;1298279952;0;0;80152312;715570648;511286368;2013850600
1636016520;2021-11-04 12:02;430322304;1382957168;0;0;70403808;811624976;500726112;2194582144
1636016580;2021-11-04 12:03;442421224;1269641040;0;0;58144784;730008072;500566008;1999649112
1636016640;2021-11-04 12:04;395686680;1299423808;0;0;64462608;800149728;460149288;2099573536
1636016700;2021-11-04 12:05;422452696;1385867672;0;0;71087864;788180648;493540560;2174048320
1636016760;2021-11-04 12:06;392186280;1360994304;0;0;56390120;821625008;448576400;2182619312
1636016820;2021-11-04 12:07;386765832;1292759888;0;0;60564112;840938216;447329944;2133698104
1636016880;2021-11-04 12:08;396237336;1376623928;0;0;56778696;830073072;453016032;2206697000
1636016940;2021-11-04 12:09;400713376;1353113272;0;0;107152824;842639072;507866200;2195752344
1636017000;2021-11-04 12:10;383962968;1329667392;0;0;79623672;801213264;463586640;2130880656
1636017060;2021-11-04 12:11;385558072;1343641816;0;0;62828552;790593112;448386624;2134234928
1636017120;2021-11-04 12:12;340175760;1153346168;0;0;54137640;758847400;394313400;1912193568
1636017180;2021-11-04 12:13;335520992;1171692872;0;0;53919936;774300640;389440928;1945993512
1636017240;2021-11-04 12:14;331636872;1179250616;0;0;58731192;720388152;390368064;1899638768
1636017300;2021-11-04 12:15;350785800;1253159736;0;0;71988560;738952736;422774360;1992112472
1636017360;2021-11-04 12:16;376692680;1250118448;0;0;50666728;740856200;427359408;1990974648
1636017420;2021-11-04 12:17;457734416;1291317776;0;0;56413160;748191984;514147576;2039509760
1636017480;2021-11-04 12:18;456137440;1194214944;0;0;53835520;729191656;509972960;1923406600
1636017540;2021-11-04 12:19;385384592;1377389152;0;0;61350040;796631816;446734632;2174020968
1636017600;2021-11-04 12:20;375883672;1230814840;0;0;62133368;766709472;438017040;1997524312
1636017660;2021-11-04 12:21;401429152;1179301632;0;0;66525936;820202776;467955088;1999504408
1636017720;2021-11-04 12:22;330773864;1156033592;0;0;64215128;847289792;394988992;2003323384
1636017780;2021-11-04 12:23;310145744;1151302144;0;0;62466080;848778648;372611824;2000080792
1636017840;2021-11-04 12:24;331361560;1206985752;0;0;59916504;854680952;391278064;2061666704
1636017900;2021-11-04 12:25;330325392;1091519632;0;0;62621000;755502024;392946392;1847021656
1636017960;2021-11-04 12:26;373069176;1128308528;0;0;61240152;769276528;434309328;1897585056
1636018020;2021-11-04 12:27;391415904;1236070960;0;0;61639544;831621328;453055448;2067692288
1636018080;2021-11-04 12:28;321331864;1087386784;0;0;60178800;779065272;381510664;1866452056
1636018140;2021-11-04 12:29;317356984;1144927128;0;0;58227944;716596848;375584928;1861523976
1636018200;2021-11-04 12:30;307315072;1166253080;0;0;58570216;799225272;365885288;1965478352
1636018260;2021-11-04 12:31;377440440;1064826472;0;0;58152104;898740320;435592544;1963566792
1636018320;2021-11-04 12:32;344173160;1068793104;0;0;62721440;827706016;406894600;1896499120
1636018380;2021-11-04 12:33;297339976;1249548000;0;0;76849928;802841448;374189904;2052389448
1636018440;2021-11-04 12:34;302659000;1205922752;0;0;60306528;782497704;362965528;1988420456
1636018500;2021-11-04 12:35;303960376;1166479496;0;0;65748216;748024296;369708592;1914503792
1636018560;2021-11-04 12:36;308799304;1224528408;0;0;62529800;806531352;371329104;2031059760
1636018620;2021-11-04 12:37;307641368;1167028672;0;0;61217304;834532480;368858672;2001561152
1636018680;2021-11-04 12:38;312308176;1166296120;0;0;66996080;813398768;379304256;1979694888
1636018740;2021-11-04 12:39;329015064;1210694280;0;0;69674816;841979448;398689880;2052673728
1636018800;2021-11-04 12:40;338943664;1166532424;0;0;60583672;750128320;399527336;1916660744
1636018860;2021-11-04 12:41;329078648;1178576704;0;0;70112056;710521416;399190704;1889098120
1636018920;2021-11-04 12:42;321823152;1231645840;0;0;71557320;785653088;393380472;2017298928
1636018980;2021-11-04 12:43;312968616;1233789600;0;0;88685128;830033496;401653744;2063823096
1636019040;2021-11-04 12:44;315519232;1258318000;0;0;111724072;712438896;427243304;1970756896
1636019100;2021-11-04 12:45;321988888;1217786328;0;0;122195120;736686416;444184008;1954472744
1636019160;2021-11-04 12:46;443961360;1230816888;0;0;111067160;725568768;555028520;1956385656
1636019220;2021-11-04 12:47;477330920;1218062720;0;0;113842408;777490368;591173328;1995553088
1636019280;2021-11-04 12:48;406554352;1141623832;0;0;125606688;782518656;532161040;1924142488
1636019340;2021-11-04 12:49;384227072;1161003136;0;0;117503592;779907064;501730664;1940910200
1636019400;2021-11-04 12:50;375783000;1203919424;0;0;114212088;740262288;489995088;1944181712
1636019460;2021-11-04 12:51;376137280;1158049808;0;0;117911096;713304824;494048376;1871354632
1636019520;2021-11-04 12:52;352113792;1108944736;0;0;116137104;689018632;468250896;1797963368
1636019580;2021-11-04 12:53;335628416;1108099640;0;0;114461256;747149632;450089672;1855249272
1636019640;2021-11-04 12:54;349829296;1109810960;0;0;112454976;739825320;462284272;1849636280
1636019700;2021-11-04 12:55;358522344;1258153416;0;0;115167904;729420280;473690248;1987573696
1636019760;2021-11-04 12:56;325583696;1157726672;0;0;123164416;747196128;448748112;1904922800
1636019820;2021-11-04 12:57;308045144;1099570784;0;0;145996016;788939432;454041160;1888510216
1636019880;2021-11-04 12:58;296154488;1162473152;0;0;128078456;700555424;424232944;1863028576
1636019940;2021-11-04 12:59;296199200;1035491064;0;0;95676280;784492048;391875480;1819983112
1636020000;2021-11-04 13:00;306515792;1257606344;0;0;97630728;708984280;404146520;1966590624
1636020060;2021-11-04 13:01;346388584;1277482200;0;0;75316000;713704888;421704584;1991187088
1636020120;2021-11-04 13:02;319899048;1268173936;0;0;78370936;720757288;398269984;1988931224
1636020180;2021-11-04 13:03;302969712;1296059624;0;0;55744768;734964152;358714480;2031023776
1636020240;2021-11-04 13:04;290542872;1183314000;0;0;58974064;811413552;349516936;1994727552
1636020300;2021-11-04 13:05;289969704;1288950232;0;0;70260768;804477032;360230472;2093427264
1636020360;2021-11-04 13:06;301545216;1270406096;0;0;60929872;736203568;362475088;2006609664
1636020420;2021-11-04 13:07;314582392;1225352128;0;0;60712464;780234400;375294856;2005586528
1636020480;2021-11-04 13:08;306999848;1204563192;0;0;60575784;731340472;367575632;1935903664
1636020540;2021-11-04 13:09;329728920;1227509688;0;0;62807560;718144816;392536480;1945654504
1636020600;2021-11-04 13:10;360144968;1262829096;0;0;59397312;671592160;419542280;1934421256
1636020660;2021-11-04 13:11;343097664;1178708528;0;0;64422520;704885520;407520184;1883594048
1636020720;2021-11-04 13:12;354143224;1135543928;0;0;62079536;711562456;416222760;1847106384
1636020780;2021-11-04 13:13;366724536;1098966864;0;0;59875776;721223544;426600312;1820190408
1636020840;2021-11-04 13:14;377053648;1121457872;0;0;62668552;685984888;439722200;1807442760
1636020900;2021-11-04 13:15;355277336;1252214312;0;0;65725216;686140560;421002552;1938354872
1636020960;2021-11-04 13:16;371268208;1224806328;0;0;56469576;654391160;427737784;1879197488
1636021020;2021-11-04 13:17;370624376;1098583904;0;0;69262752;750407936;439887128;1848991840
1636021080;2021-11-04 13:18;402845968;1136082416;0;0;65087056;718912560;467933024;1854994976
1636021140;2021-11-04 13:19;379848344;1285295952;0;0;57072344;764533576;436920688;2049829528
1636021200;2021-11-04 13:20;352651256;1164722544;0;0;58743264;750983832;411394520;1915706376
1636021260;2021-11-04 13:21;393869832;1181759368;0;0;54484424;721841504;448354256;1903600872
1636021320;2021-11-04 13:22;373743168;1181304744;0;0;60106320;685330744;433849488;1866635488
1636021380;2021-11-04 13:23;370174248;1125668208;0;0;57420176;663420464;427594424;1789088672
1636021440;2021-11-04 13:24;359892832;1190534344;0;0;61840064;705702208;421732896;1896236552
1636021500;2021-11-04 13:25;369749352;1175642816;0;0;65486632;723721464;435235984;1899364280
1636021560;2021-11-04 13:26;423306968;1159684584;0;0;61336136;728658376;484643104;1888342960
1636021620;2021-11-04 13:27;441727256;1174027656;0;0;63576568;697452352;505303824;1871480008
1636021680;2021-11-04 13:28;401103056;1186444184;0;0;63871888;782850712;464974944;1969294896
1636021740;2021-11-04 13:29;385239912;1136660456;0;0;56522320;787522048;441762232;1924182504
1636021800;2021-11-04 13:30;367346480;1107705136;0;0;58104400;799841496;425450880;1907546632
1636021860;2021-11-04 13:31;436567648;1158910592;0;0;55106688;746369216;491674336;1905279808
1636021920;2021-11-04 13:32;411065384;1106737176;0;0;55891992;758702744;466957376;1865439920
1636021980;2021-11-04 13:33;422398664;1095503808;0;0;61602368;703433232;484001032;1798937040
1636022040;2021-11-04 13:34;393235568;1138449896;0;0;56541160;666687312;449776728;1805137208
1636022100;2021-11-04 13:35;440229336;1122056528;0;0;64738088;718892832;504967424;1840949360
1636022160;2021-11-04 13:36;380801144;1098573392;0;0;67450352;721540160;448251496;1820113552
1636022220;2021-11-04 13:37;388325504;1115692984;0;0;67494592;731798864;455820096;1847491848
1636022280;2021-11-04 13:38;419057448;1100495064;0;0;68273152;780996704;487330600;1881491768
1636022340;2021-11-04 13:39;412920064;1103327336;0;0;83668776;772927704;496588840;1876255040
1636022400;2021-11-04 13:40;416917088;1194786664;0;0;61610248;769635736;478527336;1964422400
1636022460;2021-11-04 13:41;431350864;1112260584;0;0;63144224;800514512;494495088;1912775096
1636022520;2021-11-04 13:42;382071880;1144412760;0;0;66839808;850117936;448911688;1994530696
1636022580;2021-11-04 13:43;352844624;1113570104;0;0;71699648;804042552;424544272;1917612656
1636022640;2021-11-04 13:44;363442832;1084027792;0;0;65947400;779567840;429390232;1863595632
1636022700;2021-11-04 13:45;371633384;1081931112;0;0;70204744;803238976;441838128;1885170088
1636022760;2021-11-04 13:46;384035824;1099058568;0;0;65624152;838428352;449659976;1937486920
1636022820;2021-11-04 13:47;387140648;1097089352;0;0;60011656;843232744;447152304;1940322096
1636022880;2021-11-04 13:48;380714776;1096127840;0;0;60119256;792677888;440834032;1888805728
1636022940;2021-11-04 13:49;340252984;1010182448;0;0;61176792;817718072;401429776;1827900520
1636023000;2021-11-04 13:50;395654256;1040848592;0;0;59213832;802185992;454868088;1843034584
1636023060;2021-11-04 13:51;363654000;1164879984;0;0;65483584;817681904;429137584;1982561888
1636023120;2021-11-04 13:52;339458912;1151785480;0;0;59868832;828032008;399327744;1979817488
1636023180;2021-11-04 13:53;358686080;1112001256;0;0;79950744;823679368;438636824;1935680624
1636023240;2021-11-04 13:54;351735792;1073915880;0;0;86933496;769160320;438669288;1843076200
1636023300;2021-11-04 13:55;389798808;1226049152;0;0;81866944;827234968;471665752;2053284120
1636023360;2021-11-04 13:56;354962016;1072159048;0;0;67829952;833116216;422791968;1905275264
1636023420;2021-11-04 13:57;325642824;996098328;0;0;64340256;786645080;389983080;1782743408
1636023480;2021-11-04 13:58;339017936;1060183320;0;0;63346840;867454920;402364776;1927638240
1636023540;2021-11-04 13:59;338765608;1009492480;0;0;66720896;828659472;405486504;1838151952
1636023600;2021-11-04 14:00;366990800;1192422744;0;0;58715872;771610264;425706672;1964033008
1636023660;2021-11-04 14:01;406883536;1209703800;0;0;67310040;786753176;474193576;1996456976
1636023720;2021-11-04 14:02;381179488;1383305064;0;0;71587128;792575632;452766616;2175880696
1636023780;2021-11-04 14:03;362699160;1301281504;0;0;65304992;773806248;428004152;2075087752
1636023840;2021-11-04 14:04;363373568;1236402072;0;0;61819760;832698384;425193328;2069100456
1636023900;2021-11-04 14:05;358478896;1248145064;0;0;73189696;907826272;431668592;2155971336
1636023960;2021-11-04 14:06;362487320;1234607264;0;0;66990896;1248598736;429478216;2483206000
1636024020;2021-11-04 14:07;336570952;294814352;0;0;67391976;1637385200;403962928;1932199552
1636024080;2021-11-04 14:08;349041344;503877080;0;0;61902088;1027615376;410943432;1531492456
1636024140;2021-11-04 14:09;306438848;980553504;0;0;65214144;1026215224;371652992;2006768728
1636024200;2021-11-04 14:10;310088736;952555304;0;0;60614960;1018486584;370703696;1971041888
1636024260;2021-11-04 14:11;336850544;921982432;0;0;59206128;1012270904;396056672;1934253336
1636024320;2021-11-04 14:12;305079496;796376216;0;0;60815720;1060230216;365895216;1856606432
1636024380;2021-11-04 14:13;300060616;877211112;0;0;65230176;937511368;365290792;1814722480
1636024440;2021-11-04 14:14;280599776;893648320;0;0;69394864;979437760;349994640;1873086080
1636024500;2021-11-04 14:15;309673280;917199744;0;0;64604560;1050939688;374277840;1968139432
1636024560;2021-11-04 14:16;279657048;902480264;0;0;64687848;1019541872;344344896;1922022136
1636024620;2021-11-04 14:17;250212136;848866808;0;0;64494472;1137185144;314706608;1986051952
1636024680;2021-11-04 14:18;279757168;866166408;0;0;62262592;1099484056;342019760;1965650464
1636024740;2021-11-04 14:19;306645264;873512232;0;0;63042592;1052089880;369687856;1925602112
1636024800;2021-11-04 14:20;318821456;970793336;0;0;65196104;1032834080;384017560;2003627416
1636024860;2021-11-04 14:21;304121104;948049216;0;0;61293656;1031224512;365414760;1979273728
1636024920;2021-11-04 14:22;297935696;835684128;0;0;69925288;1105355184;367860984;1941039312
1636024980;2021-11-04 14:23;289718472;777946608;0;0;105041552;1027139160;394760024;1805085768
1636025040;2021-11-04 14:24;324200280;824283336;0;0;109819040;1062524016;434019320;1886807352
1636025100;2021-11-04 14:25;293279096;893439984;0;0;113684376;1057327456;406963472;1950767440
1636025160;2021-11-04 14:26;308910288;901014416;0;0;110363088;1047008272;419273376;1948022688
1636025220;2021-11-04 14:27;326846152;901049360;0;0;114643360;1021599056;441489512;1922648416
1636025280;2021-11-04 14:28;333701984;878562936;0;0;103603352;950668592;437305336;1829231528
1636025340;2021-11-04 14:29;283117880;867573328;0;0;112452952;1000448880;395570832;1868022208
1636025400;2021-11-04 14:30;242548040;1032595064;0;0;112465224;1010004520;355013264;2042599584
1636025460;2021-11-04 14:31;293508744;870856744;0;0;115478272;984610624;408987016;1855467368
1636025520;2021-11-04 14:32;276466168;930110872;0;0;109941416;1005214280;386407584;1935325152
1636025580;2021-11-04 14:33;264443616;831916288;0;0;112238872;1003847912;376682488;1835764200
1636025640;2021-11-04 14:34;290150720;910891848;0;0;114329576;986826064;404480296;1897717912
1636025700;2021-11-04 14:35;313783992;1032011904;0;0;115660208;912367760;429444200;1944379664
1636025760;2021-11-04 14:36;356939288;852121256;0;0;82113336;1025554040;439052624;1877675296
1636025820;2021-11-04 14:37;320335344;814928464;0;0;58476248;1065608848;378811592;1880537312
1636025880;2021-11-04 14:38;318962952;792297712;0;0;55580136;946625288;374543088;1738923000
1636025940;2021-11-04 14:39;326142952;833694888;0;0;61189352;986153680;387332304;1819848568
1636026000;2021-11-04 14:40;344643784;914671800;0;0;53936528;915229928;398580312;1829901728
1636026060;2021-11-04 14:41;365934440;873523968;0;0;63689832;972873432;429624272;1846397400
1636026120;2021-11-04 14:42;347584256;955085888;0;0;82462480;1005932688;430046736;1961018576
1636026180;2021-11-04 14:43;325955912;963772672;0;0;80680784;995549456;406636696;1959322128
1636026240;2021-11-04 14:44;339116752;941996872;0;0;75022368;887411928;414139120;1829408800
1636026300;2021-11-04 14:45;313565224;902461632;0;0;81428344;943571872;394993568;1846033504
1636026360;2021-11-04 14:46;335834624;879120216;0;0;78813928;931898008;414648552;1811018224
1636026420;2021-11-04 14:47;313890256;913318464;0;0;79945176;941455040;393835432;1854773504
1636026480;2021-11-04 14:48;304275216;880629856;0;0;78145760;989547192;382420976;1870177048
1636026540;2021-11-04 14:49;409685768;873411120;0;0;91249824;951745224;500935592;1825156344
1636026600;2021-11-04 14:50;349541528;840450432;0;0;79891200;1025139864;429432728;1865590296
1636026660;2021-11-04 14:51;323277048;818120280;0;0;80496280;993710120;403773328;1811830400
1636026720;2021-11-04 14:52;297547928;815445912;0;0;79100560;1021992072;376648488;1837437984
1636026780;2021-11-04 14:53;367833040;809269648;0;0;80679944;1082283128;448512984;1891552776
1636026840;2021-11-04 14:54;363043720;746842856;0;0;78416064;1042367184;441459784;1789210040
1636026900;2021-11-04 14:55;409022928;745601768;0;0;80244840;1143820368;489267768;1889422136
1636026960;2021-11-04 14:56;394673344;752108320;0;0;74261120;1025208280;468934464;1777316600
1636027020;2021-11-04 14:57;367003648;709150728;0;0;80272576;1013905808;447276224;1723056536
1636027080;2021-11-04 14:58;394610832;731491960;0;0;89017872;1095892512;483628704;1827384472
1636027140;2021-11-04 14:59;404785984;782594536;0;0;85046200;982284168;489832184;1764878704
1636027200;2021-11-04 15:00;417466072;786680664;0;0;80239376;954630920;497705448;1741311584
1636027260;2021-11-04 15:01;441348472;840604360;0;0;77372168;1005171624;518720640;1845775984
1636027320;2021-11-04 15:02;439343768;838554648;0;0;88793992;966715504;528137760;1805270152
1636027380;2021-11-04 15:03;422591408;817170064;0;0;80397656;950261056;502989064;1767431120
1636027440;2021-11-04 15:04;396580712;802463224;0;0;64901264;963857624;461481976;1766320848
1636027500;2021-11-04 15:05;372166864;807311208;0;0;69004560;965800592;441171424;1773111800
1636027560;2021-11-04 15:06;389998760;871641688;0;0;60407096;1011087376;450405856;1882729064
1636027620;2021-11-04 15:07;398194384;893279552;0;0;64114136;1000627616;462308520;1893907168
1636027680;2021-11-04 15:08;344708192;773698888;0;0;64829920;1024441848;409538112;1798140736
1636027740;2021-11-04 15:09;374233152;763649600;0;0;68012800;1004543624;442245952;1768193224
1636027800;2021-11-04 15:10;388491312;821556544;0;0;59836072;936773432;448327384;1758329976
1636027860;2021-11-04 15:11;378251600;762836448;0;0;61237544;1067251000;439489144;1830087448
1636027920;2021-11-04 15:12;393159432;775880712;0;0;61100080;963028088;454259512;1738908800
1636027980;2021-11-04 15:13;405099640;786180944;0;0;58571208;999291032;463670848;1785471976
1636028040;2021-11-04 15:14;397161680;733431416;0;0;60447920;962565168;457609600;1695996584
1636028100;2021-11-04 15:15;389443728;820931224;0;0;65775720;923203608;455219448;1744134832
1636028160;2021-11-04 15:16;384059320;782990088;0;0;60363744;942746832;444423064;1725736920
1636028220;2021-11-04 15:17;382355904;817181112;0;0;56414008;901643232;438769912;1718824344
1636028280;2021-11-04 15:18;350245160;727387184;0;0;60142792;961478464;410387952;1688865648
1636028340;2021-11-04 15:19;411313800;768407608;0;0;62703128;906500408;474016928;1674908016
1636028400;2021-11-04 15:20;389447536;810346840;0;0;61718872;972952864;451166408;1783299704
1636028460;2021-11-04 15:21;396106776;870601440;0;0;55112136;932297296;451218912;1802898736
1636028520;2021-11-04 15:22;399899632;851123800;0;0;58403968;930002560;458303600;1781126360
1636028580;2021-11-04 15:23;386032640;791878496;0;0;56930888;960159136;442963528;1752037632
1636028640;2021-11-04 15:24;381734896;789953080;0;0;55070688;1005020592;436805584;1794973672
1636028700;2021-11-04 15:25;389755488;766385912;0;0;59607816;1008650648;449363304;1775036560
1636028760;2021-11-04 15:26;466578184;842369688;0;0;61627696;1102196536;528205880;1944566224
1636028820;2021-11-04 15:27;480636656;779102344;0;0;55646856;905718192;536283512;1684820536
1636028880;2021-11-04 15:28;474022472;774401488;0;0;62806928;941415808;536829400;1715817296
1636028940;2021-11-04 15:29;435220904;796748984;0;0;61348816;1018456464;496569720;1815205448
1636029000;2021-11-04 15:30;359180192;850664616;0;0;64384160;1034130352;423564352;1884794968
1636029060;2021-11-04 15:31;387319392;771689848;0;0;65265440;1021852016;452584832;1793541864
1636029120;2021-11-04 15:32;372797648;814774160;0;0;66357704;1090952928;439155352;1905727088
1636029180;2021-11-04 15:33;386939096;789864704;0;0;64276568;1034037496;451215664;1823902200
1636029240;2021-11-04 15:34;363814712;767030080;0;0;64877736;986490992;428692448;1753521072
1636029300;2021-11-04 15:35;365335016;895214080;0;0;65473528;969688816;430808544;1864902896
1636029360;2021-11-04 15:36;372008456;875524240;0;0;64521152;1039497072;436529608;1915021312
1636029420;2021-11-04 15:37;372551968;869572528;0;0;63454464;970648576;436006432;1840221104
1636029480;2021-11-04 15:38;335989016;841785192;0;0;66597504;1113136360;402586520;1954921552
1636029540;2021-11-04 15:39;326119176;883573000;0;0;65563480;974698840;391682656;1858271840
1636029600;2021-11-04 15:40;352321272;866347416;0;0;63565872;1031287512;415887144;1897634928
1636029660;2021-11-04 15:41;354018184;844388776;0;0;68189224;1031003576;422207408;1875392352
1636029720;2021-11-04 15:42;360383888;875311856;0;0;62041208;982839600;422425096;1858151456
1636029780;2021-11-04 15:43;374661944;888351920;0;0;62597160;950981752;437259104;1839333672
1636029840;2021-11-04 15:44;368815248;855107856;0;0;67587112;957108992;436402360;1812216848
1636029900;2021-11-04 15:45;360133576;1007294696;0;0;71037696;1009612808;431171272;2016907504
1636029960;2021-11-04 15:46;363106936;938688824;0;0;63830640;1008288544;426937576;1946977368
1636030020;2021-11-04 15:47;336039336;959799560;0;0;71897880;1001164544;407937216;1960964104
1636030080;2021-11-04 15:48;363904920;1042936872;0;0;60877784;1029707152;424782704;2072644024
1636030140;2021-11-04 15:49;342425792;960180176;0;0;65312512;1073985672;407738304;2034165848
1636030200;2021-11-04 15:50;362543712;975787040;0;0;71776448;1008856304;434320160;1984643344
1636030260;2021-11-04 15:51;385508512;925022984;0;0;63753840;956818784;449262352;1881841768
1636030320;2021-11-04 15:52;407204280;948219424;0;0;72175064;1013434936;479379344;1961654360
1636030380;2021-11-04 15:53;384362392;889937576;0;0;72854280;1049992496;457216672;1939930072
1636030440;2021-11-04 15:54;367944184;861508192;0;0;72788096;1018775160;440732280;1880283352
1636030500;2021-11-04 15:55;350198544;1038304016;0;0;77956072;1030809792;428154616;2069113808
1636030560;2021-11-04 15:56;374963384;890014104;0;0;62389784;976436456;437353168;1866450560
1636030620;2021-11-04 15:57;346224064;905685968;0;0;68789208;982118936;415013272;1887804904
1636030680;2021-11-04 15:58;351536392;888753576;0;0;68526832;960950160;420063224;1849703736
1636030740;2021-11-04 15:59;350083176;915792992;0;0;69376392;987402528;419459568;1903195520
1636030800;2021-11-04 16:00;352499392;983163504;0;0;74264120;1051477360;426763512;2034640864
1636030860;2021-11-04 16:01;371600152;1012550384;0;0;75725784;1028040192;447325936;2040590576
1636030920;2021-11-04 16:02;379158056;1022415688;0;0;103059640;1012136664;482217696;2034552352
1636030980;2021-11-04 16:03;391426848;1031516600;0;0;124025016;1045393544;515451864;2076910144
1636031040;2021-11-04 16:04;381006544;979539736;0;0;128583640;1044800928;509590184;2024340664
1636031100;2021-11-04 16:05;429636768;939249312;0;0;140346296;1029662408;569983064;1968911720
1636031160;2021-11-04 16:06;391742824;1003118376;0;0;130078024;1105144512;521820848;2108262888
1636031220;2021-11-04 16:07;336395952;957220240;0;0;133510728;1058281328;469906680;2015501568
1636031280;2021-11-04 16:08;355388840;917315712;0;0;128750256;1131646176;484139096;2048961888
1636031340;2021-11-04 16:09;406682712;873095424;0;0;135802592;1112984936;542485304;1986080360
1636031400;2021-11-04 16:10;427625672;947429096;0;0;128567168;1191790568;556192840;2139219664
1636031460;2021-11-04 16:11;414879856;799841704;0;0;129079456;1103046192;543959312;1902887896
1636031520;2021-11-04 16:12;403531272;809294304;0;0;136951408;1161750112;540482680;1971044416
1636031580;2021-11-04 16:13;421014552;794045376;0;0;130154944;1105043168;551169496;1899088544
1636031640;2021-11-04 16:14;418807520;737557008;0;0;140387520;1132534688;559195040;1870091696
1636031700;2021-11-04 16:15;394906576;785286440;0;0;143515992;1080746464;538422568;1866032904
1636031760;2021-11-04 16:16;390857736;794441104;0;0;83010616;1034024152;473868352;1828465256
1636031820;2021-11-04 16:17;366044664;797661424;0;0;81323224;1152284104;447367888;1949945528
1636031880;2021-11-04 16:18;380058920;851244088;0;0;83284856;1116097016;463343776;1967341104
1636031940;2021-11-04 16:19;460020728;840342064;0;0;77382192;1072762600;537402920;1913104664
1636032000;2021-11-04 16:20;435557488;820906472;0;0;80765216;1093176752;516322704;1914083224
1636032060;2021-11-04 16:21;459173256;830342032;0;0;80154000;1022702560;539327256;1853044592
1636032120;2021-11-04 16:22;422014824;811133920;0;0;87816456;1032921016;509831280;1844054936
1636032180;2021-11-04 16:23;427210744;793509144;0;0;80120984;1022118392;507331728;1815627536
1636032240;2021-11-04 16:24;383362120;758154504;0;0;80784944;1105554304;464147064;1863708808
1636032300;2021-11-04 16:25;425637552;797562616;0;0;91134576;1067139072;516772128;1864701688
1636032360;2021-11-04 16:26;451111072;773089328;0;0;80950848;1085756752;532061920;1858846080
1636032420;2021-11-04 16:27;478444936;806096016;0;0;85467344;1058925680;563912280;1865021696
1636032480;2021-11-04 16:28;461272184;810335680;0;0;76265320;1006668224;537537504;1817003904
1636032540;2021-11-04 16:29;439891672;840182424;0;0;80008568;1007822944;519900240;1848005368
1636032600;2021-11-04 16:30;361390824;857164488;0;0;84532440;1048415672;445923264;1905580160
1636032660;2021-11-04 16:31;391384712;893718704;0;0;83976232;1053406720;475360944;1947125424
1636032720;2021-11-04 16:32;400316792;829621648;0;0;92593552;1070316328;492910344;1899937976
1636032780;2021-11-04 16:33;416092128;878374936;0;0;78426968;980604816;494519096;1858979752
1636032840;2021-11-04 16:34;402757592;880947424;0;0;80717864;1018761592;483475456;1899709016
1636032900;2021-11-04 16:35;391530224;948516816;0;0;84109384;1015985640;475639608;1964502456
1636032960;2021-11-04 16:36;356104784;876576696;0;0;76819240;1023219120;432924024;1899795816
1636033020;2021-11-04 16:37;397377000;872710872;0;0;80739648;1024776568;478116648;1897487440
1636033080;2021-11-04 16:38;398050856;838813824;0;0;80033568;1068449808;478084424;1907263632
1636033140;2021-11-04 16:39;401661288;854842640;0;0;81488184;1014152904;483149472;1868995544
1636033200;2021-11-04 16:40;420345744;786407008;0;0;79584040;1089131664;499929784;1875538672
1636033260;2021-11-04 16:41;442610680;842177984;0;0;78391296;1084305312;521001976;1926483296
1636033320;2021-11-04 16:42;390439552;834350848;0;0;80190208;1089913944;470629760;1924264792
1636033380;2021-11-04 16:43;349094984;835962600;0;0;82211360;1083179832;431306344;1919142432
1636033440;2021-11-04 16:44;348322784;893470712;0;0;82045856;1065020720;430368640;1958491432
1636033500;2021-11-04 16:45;395481600;894173264;0;0;89040064;1016605856;484521664;1910779120
1636033560;2021-11-04 16:46;370479056;881551112;0;0;84477392;1067316928;454956448;1948868040
1636033620;2021-11-04 16:47;370621216;869528440;0;0;82747240;983361328;453368456;1852889768
1636033680;2021-11-04 16:48;420451960;841296288;0;0;90240264;1061753704;510692224;1903049992
1636033740;2021-11-04 16:49;372067976;721133992;0;0;84629680;1086235744;456697656;1807369736
1636033800;2021-11-04 16:50;364565272;757052016;0;0;80754360;1130330488;445319632;1887382504
1636033860;2021-11-04 16:51;360514704;798797528;0;0;74873808;1030906376;435388512;1829703904
1636033920;2021-11-04 16:52;359632288;871048728;0;0;77257136;1073028904;436889424;1944077632
1636033980;2021-11-04 16:53;355986240;824666584;0;0;77212568;1012008296;433198808;1836674880
1636034040;2021-11-04 16:54;368782872;810206488;0;0;74056456;984841528;442839328;1795048016
1636034100;2021-11-04 16:55;451089752;833009048;0;0;89045760;1058630104;540135512;1891639152
1636034160;2021-11-04 16:56;380527432;829680288;0;0;73943184;1044665240;454470616;1874345528
1636034220;2021-11-04 16:57;392760952;816871536;0;0;73588000;1024472088;466348952;1841343624
1636034280;2021-11-04 16:58;386059480;851524848;0;0;79749768;1083802352;465809248;1935327200
1636034340;2021-11-04 16:59;372956024;842491016;0;0;81738640;1094541128;454694664;1937032144
1636034400;2021-11-04 17:00;391716216;929026592;0;0;74876200;1059669624;466592416;1988696216
1636034460;2021-11-04 17:01;418229280;966505472;0;0;78323600;1099263728;496552880;2065769200
1636034520;2021-11-04 17:02;413973072;922671944;0;0;77179392;1116094456;491152464;2038766400
1636034580;2021-11-04 17:03;388604440;941709584;0;0;78588880;1159456368;467193320;2101165952
1636034640;2021-11-04 17:04;419715256;988409088;0;0;78498896;1122110624;498214152;2110519712
1636034700;2021-11-04 17:05;410004984;1022745048;0;0;93538168;1082333984;503543152;2105079032
1636034760;2021-11-04 17:06;419131760;1089131632;0;0;74709120;1037153888;493840880;2126285520
1636034820;2021-11-04 17:07;394333008;1045651200;0;0;75668264;1107739096;470001272;2153390296
1636034880;2021-11-04 17:08;384645808;1007753232;0;0;75041528;1030212952;459687336;2037966184
1636034940;2021-11-04 17:09;403524944;1060451272;0;0;76129112;1077692264;479654056;2138143536
1636035000;2021-11-04 17:10;547070352;1044521192;0;0;74694344;1056852536;621764696;2101373728
1636035060;2021-11-04 17:11;418723656;941265160;0;0;77445864;1121879208;496169520;2063144368
1636035120;2021-11-04 17:12;407192360;935311968;0;0;84083904;1130299408;491276264;2065611376
1636035180;2021-11-04 17:13;376946872;878391880;0;0;84008688;1097010944;460955560;1975402824
1636035240;2021-11-04 17:14;381363000;885305488;0;0;71473264;1108868320;452836264;1994173808
1636035300;2021-11-04 17:15;433106152;920968192;0;0;83005488;1094681136;516111640;2015649328
1636035360;2021-11-04 17:16;389896592;906933096;0;0;77170072;1086701256;467066664;1993634352
1636035420;2021-11-04 17:17;406980736;912550136;0;0;77550848;1031255248;484531584;1943805384
1636035480;2021-11-04 17:18;473441944;999030944;0;0;81845776;1088323352;555287720;2087354296
1636035540;2021-11-04 17:19;476885416;917929296;0;0;77400520;1003357320;554285936;1921286616
1636035600;2021-11-04 17:20;419805776;951097512;0;0;82810000;1127509584;502615776;2078607096
1636035660;2021-11-04 17:21;416300176;976041576;0;0;78539328;1007623272;494839504;1983664848
1636035720;2021-11-04 17:22;419299288;891253088;0;0;81765096;1043528520;501064384;1934781608
1636035780;2021-11-04 17:23;422862544;978695448;0;0;71451160;1010630400;494313704;1989325848
1636035840;2021-11-04 17:24;517823736;935678128;0;0;77018016;1109761432;594841752;2045439560
1636035900;2021-11-04 17:25;447232560;843409088;0;0;74213136;1072619784;521445696;1916028872
1636035960;2021-11-04 17:26;466757064;885349840;0;0;69837296;1070430104;536594360;1955779944
1636036020;2021-11-04 17:27;529749808;855203152;0;0;66471240;1020113880;596221048;1875317032
1636036080;2021-11-04 17:28;455493024;907661200;0;0;68419232;1089402872;523912256;1997064072
1636036140;2021-11-04 17:29;420730712;879050200;0;0;69740648;1180312872;490471360;2059363072
1636036200;2021-11-04 17:30;398499328;928100224;0;0;65273528;1178615112;463772856;2106715336
1636036260;2021-11-04 17:31;463014600;928472504;0;0;68173792;1134772384;531188392;2063244888
1636036320;2021-11-04 17:32;446960704;953255200;0;0;66711232;1032586464;513671936;1985841664
1636036380;2021-11-04 17:33;438154584;1000095944;0;0;65855520;1101558512;504010104;2101654456
1636036440;2021-11-04 17:34;422144384;930768952;0;0;66069752;1156028016;488214136;2086796968
1636036500;2021-11-04 17:35;473122152;982118288;0;0;70555688;1148247536;543677840;2130365824
1636036560;2021-11-04 17:36;456080992;886562160;0;0;69456000;1118138912;525536992;2004701072
1636036620;2021-11-04 17:37;437883144;972357456;0;0;68205640;1151679928;506088784;2124037384
1636036680;2021-11-04 17:38;442344680;912476168;0;0;66365920;1156557720;508710600;2069033888
1636036740;2021-11-04 17:39;450266488;828761352;0;0;73273760;1157901968;523540248;1986663320
1636036800;2021-11-04 17:40;435161712;912147664;0;0;67167984;1159684376;502329696;2071832040
1636036860;2021-11-04 17:41;504167448;907792384;0;0;74728240;1284188504;578895688;2191980888
1636036920;2021-11-04 17:42;460279480;851714360;0;0;95397624;1196867632;555677104;2048581992
1636036980;2021-11-04 17:43;428474744;913264816;0;0;122863800;1188025432;551338544;2101290248
1636037040;2021-11-04 17:44;403678504;898308832;0;0;121432632;1114748024;525111136;2013056856
1636037100;2021-11-04 17:45;427514088;852108304;0;0;132003784;1184636648;559517872;2036744952
1636037160;2021-11-04 17:46;415480816;853722104;0;0;126690744;1226724264;542171560;2080446368
1636037220;2021-11-04 17:47;421030160;852378376;0;0;136163136;1159038784;557193296;2011417160
1636037280;2021-11-04 17:48;435129864;861319984;0;0;129202424;1128496328;564332288;1989816312
1636037340;2021-11-04 17:49;419533616;829975640;0;0;128280912;1201793200;547814528;2031768840
1636037400;2021-11-04 17:50;443929128;1008889152;0;0;121459632;1121455408;565388760;2130344560
1636037460;2021-11-04 17:51;405961064;953045968;0;0;128368024;1117054240;534329088;2070100208
1636037520;2021-11-04 17:52;384677544;1052164584;0;0;126421776;1089597928;511099320;2141762512
1636037580;2021-11-04 17:53;377330048;1034064952;0;0;137562040;1058692576;514892088;2092757528
1636037640;2021-11-04 17:54;402141712;1025876616;0;0;122458752;1105107216;524600464;2130983832
1636037700;2021-11-04 17:55;413893680;915339472;0;0;126699832;1080797424;540593512;1996136896
1636037760;2021-11-04 17:56;383444416;1058942600;0;0;74451944;1100947328;457896360;2159889928
1636037820;2021-11-04 17:57;376523800;1005293120;0;0;72317864;1161896000;448841664;2167189120
1636037880;2021-11-04 17:58;405645400;959854720;0;0;87966280;1168760648;493611680;2128615368
1636037940;2021-11-04 17:59;423471856;1046876440;0;0;100878056;1141927672;524349912;2188804112
1636038000;2021-11-04 18:00;393191064;977968872;0;0;98350648;1133475920;491541712;2111444792
1636038060;2021-11-04 18:01;392382896;1048009272;0;0;92022576;1114125608;484405472;2162134880
1636038120;2021-11-04 18:02;459108432;945163304;0;0;78264480;1106856152;537372912;2052019456
1636038180;2021-11-04 18:03;482602312;1037197208;0;0;76804568;1209734880;559406880;2246932088
1636038240;2021-11-04 18:04;434437496;996788232;0;0;67425104;1153493368;501862600;2150281600
1636038300;2021-11-04 18:05;434645688;985387336;0;0;73618160;1165019248;508263848;2150406584
1636038360;2021-11-04 18:06;436991992;1125232872;0;0;69313984;1191255832;506305976;2316488704
1636038420;2021-11-04 18:07;391579352;1038140544;0;0;67787712;1112246744;459367064;2150387288
1636038480;2021-11-04 18:08;415132648;1028698880;0;0;67557592;1177158928;482690240;2205857808
1636038540;2021-11-04 18:09;380316968;1105002336;0;0;68908456;1075554160;449225424;2180556496
1636038600;2021-11-04 18:10;417978680;965045120;0;0;62504032;1107201792;480482712;2072246912
1636038660;2021-11-04 18:11;470971336;1043180304;0;0;70145568;1095955960;541116904;2139136264
1636038720;2021-11-04 18:12;418013352;961248032;0;0;67404584;1118970184;485417936;2080218216
1636038780;2021-11-04 18:13;467821616;933425096;0;0;64264640;1143258336;532086256;2076683432
1636038840;2021-11-04 18:14;447673488;993492336;0;0;69151016;1159352768;516824504;2152845104
1636038900;2021-11-04 18:15;547574288;988616184;0;0;73820480;1148519720;621394768;2137135904
1636038960;2021-11-04 18:16;476666760;934509032;0;0;72930776;1126216424;549597536;2060725456
1636039020;2021-11-04 18:17;498823320;948867344;0;0;73555592;1080936648;572378912;2029803992
1636039080;2021-11-04 18:18;443652520;990944248;0;0;75630912;1116401960;519283432;2107346208
1636039140;2021-11-04 18:19;357853952;945106992;0;0;70451648;1047610168;428305600;1992717160
1636039200;2021-11-04 18:20;333367552;924205232;0;0;73590344;1054871392;406957896;1979076624
1636039260;2021-11-04 18:21;328757368;892033712;0;0;74971928;1141256344;403729296;2033290056
1636039320;2021-11-04 18:22;348456664;954894120;0;0;70191048;1138665624;418647712;2093559744
1636039380;2021-11-04 18:23;347250264;909923712;0;0;70795248;1143598040;418045512;2053521752
1636039440;2021-11-04 18:24;332950352;866990264;0;0;69766984;1004386080;402717336;1871376344
1636039500;2021-11-04 18:25;320058528;891546520;0;0;70428136;1000644240;390486664;1892190760
1636039560;2021-11-04 18:26;385455632;904603040;0;0;67790640;1104151248;453246272;2008754288
1636039620;2021-11-04 18:27;373338664;836426056;0;0;67181432;1104792712;440520096;1941218768
1636039680;2021-11-04 18:28;298501648;920681872;0;0;74008480;1088086872;372510128;2008768744
1636039740;2021-11-04 18:29;325321976;850581856;0;0;70653576;1077423936;395975552;1928005792
1636039800;2021-11-04 18:30;301629688;960934880;0;0;68521024;1066368656;370150712;2027303536
1636039860;2021-11-04 18:31;340452536;825994088;0;0;72729672;1048049584;413182208;1874043672
1636039920;2021-11-04 18:32;329842648;903231904;0;0;87613376;1027816576;417456024;1931048480
1636039980;2021-11-04 18:33;281368864;863664464;0;0;80773304;1072037152;362142168;1935701616
1636040040;2021-11-04 18:34;277456600;917796320;0;0;80843624;1070175848;358300224;1987972168
1636040100;2021-11-04 18:35;333360760;904573120;0;0;85168672;1112994352;418529432;2017567472
1636040160;2021-11-04 18:36;364656416;928532432;0;0;83048232;1176520720;447704648;2105053152
1636040220;2021-11-04 18:37;349715032;939979432;0;0;81105568;1162096136;430820600;2102075568
1636040280;2021-11-04 18:38;338471440;869914984;0;0;67605824;1116617736;406077264;1986532720
1636040340;2021-11-04 18:39;314643976;929541104;0;0;81303648;1064437384;395947624;1993978488
1636040400;2021-11-04 18:40;332113144;950315968;0;0;67481576;1133983192;399594720;2084299160
1636040460;2021-11-04 18:41;354268992;895970408;0;0;66320080;1175783416;420589072;2071753824
1636040520;2021-11-04 18:42;335977840;894623648;0;0;72376136;1133105928;408353976;2027729576
1636040580;2021-11-04 18:43;364878416;849005632;0;0;62228256;1070818480;427106672;1919824112
1636040640;2021-11-04 18:44;357164488;866534192;0;0;65339032;1079121488;422503520;1945655680
1636040700;2021-11-04 18:45;381763512;959841240;0;0;72179392;1050815032;453942904;2010656272
1636040760;2021-11-04 18:46;555934416;877619672;0;0;64409376;1041050664;620343792;1918670336
1636040820;2021-11-04 18:47;418235176;914938816;0;0;66872760;1039468392;485107936;1954407208
1636040880;2021-11-04 18:48;361265288;900694720;0;0;64255968;1065674112;425521256;1966368832
1636040940;2021-11-04 18:49;357024976;849974016;0;0;66883504;1039835256;423908480;1889809272
1636041000;2021-11-04 18:50;343720584;853596120;0;0;70967984;1087756248;414688568;1941352368
1636041060;2021-11-04 18:51;320203288;930978432;0;0;64456960;1012685208;384660248;1943663640
1636041120;2021-11-04 18:52;382830992;880477104;0;0;65352896;1102737304;448183888;1983214408
1636041180;2021-11-04 18:53;361579888;945829272;0;0;65981264;1055976480;427561152;2001805752
1636041240;2021-11-04 18:54;362607120;923617672;0;0;63482624;1048243592;426089744;1971861264
1636041300;2021-11-04 18:55;375718328;932649792;0;0;67662240;1138908704;443380568;2071558496
1636041360;2021-11-04 18:56;372088776;967006360;0;0;62499936;1105297912;434588712;2072304272
1636041420;2021-11-04 18:57;377441264;941094904;0;0;60063808;1092580880;437505072;2033675784
1636041480;2021-11-04 18:58;319876768;914809064;0;0;60151760;1133037984;380028528;2047847048
1636041540;2021-11-04 18:59;346584584;903261360;0;0;61011176;1047720024;407595760;1950981384
1636041600;2021-11-04 19:00;358605088;923299456;0;0;64806784;1121119520;423411872;2044418976
1636041660;2021-11-04 19:01;415077440;975708664;0;0;60929936;1013343584;476007376;1989052248
1636041720;2021-11-04 19:02;414296792;967343864;0;0;60131568;1050566696;474428360;2017910560
1636041780;2021-11-04 19:03;339871432;982372008;0;0;65145248;1048712512;405016680;2031084520
1636041840;2021-11-04 19:04;344866096;1000708296;0;0;66178120;1068130904;411044216;2068839200
1636041900;2021-11-04 19:05;415310144;1012236152;0;0;69899224;1037903888;485209368;2050140040
1636041960;2021-11-04 19:06;399851768;1015582816;0;0;63227048;1116292824;463078816;2131875640
1636042020;2021-11-04 19:07;408450208;1074254944;0;0;68723680;1090058712;477173888;2164313656
1636042080;2021-11-04 19:08;387910728;1001953320;0;0;116079816;984067760;503990544;1986021080
1636042140;2021-11-04 19:09;384847560;1037265576;0;0;81910608;1115963216;466758168;2153228792
1636042200;2021-11-04 19:10;394169944;1061326232;0;0;64251928;1025598760;458421872;2086924992
1636042260;2021-11-04 19:11;375705688;1064339048;0;0;71082432;1094607120;446788120;2158946168
1636042320;2021-11-04 19:12;373803104;950089392;0;0;68830408;1131491152;442633512;2081580544
1636042380;2021-11-04 19:13;376306976;928848744;0;0;64247864;1114603320;440554840;2043452064
1636042440;2021-11-04 19:14;378673376;928916648;0;0;67940296;1105724840;446613672;2034641488
1636042500;2021-11-04 19:15;378420272;1019517120;0;0;67702960;1008846800;446123232;2028363920
1636042560;2021-11-04 19:16;431773336;970120304;0;0;62945960;1046351912;494719296;2016472216
1636042620;2021-11-04 19:17;390644608;863804392;0;0;67084688;1017299920;457729296;1881104312
1636042680;2021-11-04 19:18;379416272;873199240;0;0;67622000;1027815440;447038272;1901014680
1636042740;2021-11-04 19:19;367733160;918631408;0;0;69921224;1059494264;437654384;1978125672
1636042800;2021-11-04 19:20;373382056;901809472;0;0;65651136;1022979408;439033192;1924788880
1636042860;2021-11-04 19:21;383193296;863616344;0;0;109394848;1034734448;492588144;1898350792
1636042920;2021-11-04 19:22;386358688;900202864;0;0;108045456;1040954032;494404144;1941156896
1636042980;2021-11-04 19:23;397556584;869985728;0;0;107822144;1074151672;505378728;1944137400
1636043040;2021-11-04 19:24;363695872;859785192;0;0;110200296;999807456;473896168;1859592648
1636043100;2021-11-04 19:25;401923448;909771240;0;0;112388024;1006991880;514311472;1916763120
1636043160;2021-11-04 19:26;452185320;870195968;0;0;109139592;1049220704;561324912;1919416672
1636043220;2021-11-04 19:27;441200800;913798816;0;0;108502288;993989328;549703088;1907788144
1636043280;2021-11-04 19:28;364866152;928724808;0;0;119222984;986318664;484089136;1915043472
1636043340;2021-11-04 19:29;319675352;933827784;0;0;114208464;1064339608;433883816;1998167392
1636043400;2021-11-04 19:30;370910928;906278440;0;0;112558032;1108256904;483468960;2014535344
1636043460;2021-11-04 19:31;337645368;942076408;0;0;109077080;1144713920;446722448;2086790328
1636043520;2021-11-04 19:32;368248904;888060408;0;0;113818680;1146611800;482067584;2034672208
1636043580;2021-11-04 19:33;358245848;951696320;0;0;113421136;1163404696;471666984;2115101016
1636043640;2021-11-04 19:34;356285968;1034312192;0;0;77403208;1174208808;433689176;2208521000
1636043700;2021-11-04 19:35;336644128;922952296;0;0;62843528;1129401032;399487656;2052353328
1636043760;2021-11-04 19:36;384754576;983508568;0;0;60373256;1039320816;445127832;2022829384
1636043820;2021-11-04 19:37;369044504;929591640;0;0;59114648;1002037136;428159152;1931628776
1636043880;2021-11-04 19:38;367555896;930824880;0;0;60842952;997632048;428398848;1928456928
1636043940;2021-11-04 19:39;359591744;876858944;0;0;60999376;1053170080;420591120;1930029024
1636044000;2021-11-04 19:40;362934192;996683064;0;0;58682056;1021454232;421616248;2018137296
1636044060;2021-11-04 19:41;356104760;963828952;0;0;62468320;1157687024;418573080;2121515976
1636044120;2021-11-04 19:42;355374072;972174176;0;0;61906144;1056148960;417280216;2028323136
1636044180;2021-11-04 19:43;372297936;935308960;0;0;60192992;1080822464;432490928;2016131424
1636044240;2021-11-04 19:44;338321016;864740096;0;0;59483680;1086495496;397804696;1951235592
1636044300;2021-11-04 19:45;408039704;897379704;0;0;67454168;1047823712;475493872;1945203416
1636044360;2021-11-04 19:46;387959928;900225776;0;0;61578424;1070333160;449538352;1970558936
1636044420;2021-11-04 19:47;393089056;988500008;0;0;60072728;1123293192;453161784;2111793200
1636044480;2021-11-04 19:48;394329240;1046677672;0;0;60274592;1079730264;454603832;2126407936
1636044540;2021-11-04 19:49;380164176;999262008;0;0;60589248;1030990376;440753424;2030252384
1636044600;2021-11-04 19:50;397121024;955963736;0;0;59526488;1068459664;456647512;2024423400
1636044660;2021-11-04 19:51;433017888;915212136;0;0;63383680;1072830240;496401568;1988042376
1636044720;2021-11-04 19:52;424095496;990245576;0;0;67090448;1056916424;491185944;2047162000
1636044780;2021-11-04 19:53;422492816;1003353072;0;0;69668584;1060692592;492161400;2064045664
1636044840;2021-11-04 19:54;401520864;955873624;0;0;67505064;1118967496;469025928;2074841120
1636044900;2021-11-04 19:55;392189120;1057175752;0;0;73405848;1105832560;465594968;2163008312
1636044960;2021-11-04 19:56;392942800;1034446800;0;0;65793184;1110669008;458735984;2145115808
1636045020;2021-11-04 19:57;381567136;1022198160;0;0;64159488;1051948840;445726624;2074147000
1636045080;2021-11-04 19:58;388956928;1040576312;0;0;68724160;1053397936;457681088;2093974248
1636045140;2021-11-04 19:59;406032936;1011681520;0;0;65815696;1113513152;471848632;2125194672
1636045200;2021-11-04 20:00;395101016;969064232;0;0;63009032;1120003560;458110048;2089067792
1636045260;2021-11-04 20:01;441878056;1058213912;0;0;63235048;1149048472;505113104;2207262384
1636045320;2021-11-04 20:02;418630504;1010643048;0;0;66174888;1090333224;484805392;2100976272
1636045380;2021-11-04 20:03;424148208;1068402728;0;0;64999976;1037697256;489148184;2106099984
1636045440;2021-11-04 20:04;381493616;1137286912;0;0;67005408;1034188928;448499024;2171475840
1636045500;2021-11-04 20:05;446758736;1089736080;0;0;66783112;1103846880;513541848;2193582960
1636045560;2021-11-04 20:06;414543864;1136119752;0;0;60305904;1101070672;474849768;2237190424
1636045620;2021-11-04 20:07;360772536;1052773408;0;0;61516272;1131910768;422288808;2184684176
1636045680;2021-11-04 20:08;384966936;1078628008;0;0;61672416;1030265840;446639352;2108893848
1636045740;2021-11-04 20:09;381747456;1124134952;0;0;63169024;1081916352;444916480;2206051304
1636045800;2021-11-04 20:10;391821520;1144467016;0;0;58994936;1116617016;450816456;2261084032
1636045860;2021-11-04 20:11;369164280;1074600512;0;0;62248088;1109806872;431412368;2184407384
1636045920;2021-11-04 20:12;386113840;1091545576;0;0;59688584;1123703256;445802424;2215248832
1636045980;2021-11-04 20:13;375491376;1079307672;0;0;60360248;1143224184;435851624;2222531856
1636046040;2021-11-04 20:14;366957264;924791432;0;0;61100360;1073657784;428057624;1998449216
1636046100;2021-11-04 20:15;356387456;1071885792;0;0;62278144;1088469344;418665600;2160355136
1636046160;2021-11-04 20:16;356585960;956619784;0;0;58003032;1132772328;414588992;2089392112
1636046220;2021-11-04 20:17;352277464;991136816;0;0;57568384;1064889968;409845848;2056026784
1636046280;2021-11-04 20:18;350686648;946466688;0;0;59018776;1144249480;409705424;2090716168
1636046340;2021-11-04 20:19;359570752;957174704;0;0;59415040;1021857160;418985792;1979031864
1636046400;2021-11-04 20:20;340344080;935928856;0;0;60017960;1127395696;400362040;2063324552
1636046460;2021-11-04 20:21;335740520;887749488;0;0;69500416;1093635424;405240936;1981384912
1636046520;2021-11-04 20:22;340577480;929864248;0;0;66447304;1105634392;407024784;2035498640
1636046580;2021-11-04 20:23;340786192;919503688;0;0;70254296;1108059800;411040488;2027563488
1636046640;2021-11-04 20:24;339803840;908342968;0;0;68373504;1077271440;408177344;1985614408
1636046700;2021-11-04 20:25;347576288;965708784;0;0;76095528;1088926616;423671816;2054635400
1636046760;2021-11-04 20:26;403340728;943414632;0;0;69758648;1109029664;473099376;2052444296
1636046820;2021-11-04 20:27;416337824;976326176;0;0;67277056;1073923456;483614880;2050249632
1636046880;2021-11-04 20:28;337390384;963989824;0;0;76274592;1086958368;413664976;2050948192
1636046940;2021-11-04 20:29;339903760;1007367176;0;0;67392912;1102416912;407296672;2109784088
1636047000;2021-11-04 20:30;328334328;937974064;0;0;83749824;1202404512;412084152;2140378576
1636047060;2021-11-04 20:31;312408576;915402960;0;0;93092760;1062951000;405501336;1978353960
1636047120;2021-11-04 20:32;305812296;956748544;0;0;86633024;1104248056;392445320;2060996600
1636047180;2021-11-04 20:33;294489688;1034707184;0;0;83002200;1074197008;377491888;2108904192
1636047240;2021-11-04 20:34;300163912;990126032;0;0;86097976;1045369320;386261888;2035495352
1636047300;2021-11-04 20:35;281383304;1075381224;0;0;84502152;1081243424;365885456;2156624648
1636047360;2021-11-04 20:36;283436376;978143536;0;0;86508304;1143898680;369944680;2122042216
1636047420;2021-11-04 20:37;258809768;981760056;0;0;89082744;1068556520;347892512;2050316576
1636047480;2021-11-04 20:38;270296256;982126352;0;0;90648560;1133515976;360944816;2115642328
1636047540;2021-11-04 20:39;273635840;976315568;0;0;88212408;1190074960;361848248;2166390528
1636047600;2021-11-04 20:40;265368808;952390936;0;0;77467680;1194491456;342836488;2146882392
1636047660;2021-11-04 20:41;265424960;931428040;0;0;70153784;1110863424;335578744;2042291464
1636047720;2021-11-04 20:42;270049080;889365264;0;0;74674264;1169004552;344723344;2058369816
1636047780;2021-11-04 20:43;277359952;872218904;0;0;74137312;1122073944;351497264;1994292848
1636047840;2021-11-04 20:44;286361048;881933504;0;0;81609600;1168989744;367970648;2050923248
1636047900;2021-11-04 20:45;276021088;919467704;0;0;82422808;1208144152;358443896;2127611856
1636047960;2021-11-04 20:46;274789912;926639672;0;0;74319648;1188318672;349109560;2114958344
1636048020;2021-11-04 20:47;263868144;930958416;0;0;82826208;1334826456;346694352;2265784872
1636048080;2021-11-04 20:48;270822504;940302392;0;0;83414808;1409740744;354237312;2350043136
1636048140;2021-11-04 20:49;286791504;1025717792;0;0;85979680;1385240344;372771184;2410958136
1636048200;2021-11-04 20:50;283188736;975176304;0;0;82980080;1298336560;366168816;2273512864
1636048260;2021-11-04 20:51;299153096;983517832;0;0;79254488;1339697056;378407584;2323214888
1636048320;2021-11-04 20:52;306944488;1025345272;0;0;78484984;1207349016;385429472;2232694288
1636048380;2021-11-04 20:53;256154832;925014768;0;0;83438448;1136477016;339593280;2061491784
1636048440;2021-11-04 20:54;237283064;960019120;0;0;83469400;1094345208;320752464;2054364328
1636048500;2021-11-04 20:55;277158904;952920432;0;0;117945952;1138576752;395104856;2091497184
1636048560;2021-11-04 20:56;296473648;1013188616;0;0;122175136;1172266624;418648784;2185455240
1636048620;2021-11-04 20:57;282267136;979808688;0;0;122428824;1176348320;404695960;2156157008
1636048680;2021-11-04 20:58;286988520;1019670024;0;0;128631112;1151207888;415619632;2170877912
1636048740;2021-11-04 20:59;264197384;959007360;0;0;128718680;1158614352;392916064;2117621712
1636048800;2021-11-04 21:00;258665840;990018688;0;0;128996800;1188334504;387662640;2178353192
1636048860;2021-11-04 21:01;269457032;1037742072;0;0;126145160;1148689880;395602192;2186431952
1636048920;2021-11-04 21:02;282642912;1075840448;0;0;124473448;1236618368;407116360;2312458816
1636048980;2021-11-04 21:03;260182920;1020496808;0;0;124751088;1195068480;384934008;2215565288
1636049040;2021-11-04 21:04;247393504;1006087224;0;0;130328104;1101079960;377721608;2107167184
1636049100;2021-11-04 21:05;276882448;1077667296;0;0;138004936;1100410288;414887384;2178077584
1636049160;2021-11-04 21:06;287949288;1044206224;0;0;130312672;1149635064;418261960;2193841288
1636049220;2021-11-04 21:07;282233648;1064739192;0;0;130353088;1085826352;412586736;2150565544
1636049280;2021-11-04 21:08;263512208;1200757208;0;0;126955856;1074507824;390468064;2275265032
1636049340;2021-11-04 21:09;270062984;1130654128;0;0;125424896;1029850864;395487880;2160504992
1636049400;2021-11-04 21:10;259978256;1117651672;0;0;125372232;1116303336;385350488;2233955008
1636049460;2021-11-04 21:11;277536864;1100219776;0;0;124024576;1086528472;401561440;2186748248
1636049520;2021-11-04 21:12;267983152;1114351224;0;0;111083080;1116174456;379066232;2230525680
1636049580;2021-11-04 21:13;272416752;1059983720;0;0;96367608;1073002200;368784360;2132985920
1636049640;2021-11-04 21:14;252629376;1045960848;0;0;79850512;1082430000;332479888;2128390848
1636049700;2021-11-04 21:15;259464648;1000068752;0;0;86009872;1071902576;345474520;2071971328
1636049760;2021-11-04 21:16;243638872;1075976544;0;0;65701496;1029218296;309340368;2105194840
1636049820;2021-11-04 21:17;249989672;1045569624;0;0;60275376;1055265296;310265048;2100834920
1636049880;2021-11-04 21:18;251977856;1047544576;0;0;57636112;1148375848;309613968;2195920424
1636049940;2021-11-04 21:19;244470632;1016505960;0;0;62347656;1104033008;306818288;2120538968
1636050000;2021-11-04 21:20;255588496;1025144256;0;0;63027992;1078724712;318616488;2103868968
1636050060;2021-11-04 21:21;228243744;1013134080;0;0;60385416;1133954544;288629160;2147088624
1636050120;2021-11-04 21:22;261182224;1020306896;0;0;74581520;1151444512;335763744;2171751408
1636050180;2021-11-04 21:23;264608408;978758160;0;0;81302160;1155994968;345910568;2134753128
1636050240;2021-11-04 21:24;266513920;968768448;0;0;85132872;1128929520;351646792;2097697968
1636050300;2021-11-04 21:25;241967056;887441088;0;0;91499424;1078164864;333466480;1965605952
1636050360;2021-11-04 21:26;229062832;931329352;0;0;80059536;1186299232;309122368;2117628584
1636050420;2021-11-04 21:27;239474656;946933224;0;0;71829656;1082418024;311304312;2029351248
1636050480;2021-11-04 21:28;270121904;977751744;0;0;75695704;1116762288;345817608;2094514032
1636050540;2021-11-04 21:29;273305088;978699040;0;0;80292584;1146313744;353597672;2125012784
1636050600;2021-11-04 21:30;269872096;916188064;0;0;86037416;1169904224;355909512;2086092288
1636050660;2021-11-04 21:31;269487320;957513896;0;0;81123824;1137388432;350611144;2094902328
1636050720;2021-11-04 21:32;296329712;991195696;0;0;75634432;1158238720;371964144;2149434416
1636050780;2021-11-04 21:33;298545024;1040397168;0;0;65051360;1142076992;363596384;2182474160
1636050840;2021-11-04 21:34;275602736;1048481160;0;0;66395272;1158488280;341998008;2206969440
1636050900;2021-11-04 21:35;266801504;1095442488;0;0;78365560;1174210040;345167064;2269652528
1636050960;2021-11-04 21:36;306142856;978001264;0;0;74752528;1178306000;380895384;2156307264
1636051020;2021-11-04 21:37;296297296;983952016;0;0;72299464;1195414880;368596760;2179366896
1636051080;2021-11-04 21:38;282848528;1026735752;0;0;77673944;1126782664;360522472;2153518416
1636051140;2021-11-04 21:39;291041584;1052681504;0;0;82148104;1179834056;373189688;2232515560
1636051200;2021-11-04 21:40;300960368;1023591856;0;0;83332688;1169170352;384293056;2192762208
1636051260;2021-11-04 21:41;303943480;1069806768;0;0;83635000;1137454272;387578480;2207261040
1636051320;2021-11-04 21:42;278267616;1081399880;0;0;75200064;1169247704;353467680;2250647584
1636051380;2021-11-04 21:43;278323504;1049122464;0;0;75669304;1088124472;353992808;2137246936
1636051440;2021-11-04 21:44;280183832;959013016;0;0;80874560;1189454592;361058392;2148467608
1636051500;2021-11-04 21:45;326124760;1076120336;0;0;87468584;1165441296;413593344;2241561632
1636051560;2021-11-04 21:46;333002176;1016438328;0;0;83725624;1169689672;416727800;2186128000
1636051620;2021-11-04 21:47;343850152;1009992872;0;0;74882224;1142647048;418732376;2152639920
1636051680;2021-11-04 21:48;307245280;959264856;0;0;75419352;1151233384;382664632;2110498240
1636051740;2021-11-04 21:49;306835792;1062117904;0;0;85381104;1226366312;392216896;2288484216
1636051800;2021-11-04 21:50;303140224;983157512;0;0;77952176;1166602992;381092400;2149760504
1636051860;2021-11-04 21:51;322118432;995559208;0;0;81816392;1189479096;403934824;2185038304
1636051920;2021-11-04 21:52;302346632;947319624;0;0;73244400;1230576640;375591032;2177896264
1636051980;2021-11-04 21:53;317327480;988317016;0;0;70592704;1257421160;387920184;2245738176
1636052040;2021-11-04 21:54;384367128;977850968;0;0;76553584;1263136936;460920712;2240987904
1636052100;2021-11-04 21:55;318095064;985189320;0;0;87129208;1176100520;405224272;2161289840
1636052160;2021-11-04 21:56;303032240;929003016;0;0;93662520;1193353360;396694760;2122356376
1636052220;2021-11-04 21:57;358395608;963332224;0;0;76594312;1182978864;434989920;2146311088
1636052280;2021-11-04 21:58;278455456;971916992;0;0;81723344;1206303872;360178800;2178220864
1636052340;2021-11-04 21:59;283425112;924094312;0;0;92512800;1240449808;375937912;2164544120
1636052400;2021-11-04 22:00;273263472;921205824;0;0;76357856;1237713312;349621328;2158919136
1636052460;2021-11-04 22:01;297352848;1037958464;0;0;81123864;1214227184;378476712;2252185648
1636052520;2021-11-04 22:02;298591856;1084288992;0;0;85527672;1231812312;384119528;2316101304
1636052580;2021-11-04 22:03;282602688;1078818272;0;0;109567528;1227545808;392170216;2306364080
1636052640;2021-11-04 22:04;279906088;1043281368;0;0;81803056;1093392000;361709144;2136673368
1636052700;2021-11-04 22:05;291983584;1103592160;0;0;91177728;1321907416;383161312;2425499576
1636052760;2021-11-04 22:06;277708792;1090871808;0;0;88022400;1188633256;365731192;2279505064
1636052820;2021-11-04 22:07;284287096;1075791152;0;0;86282464;1232552720;370569560;2308343872
1636052880;2021-11-04 22:08;269251008;1157313848;0;0;85753888;1214444208;355004896;2371758056
1636052940;2021-11-04 22:09;257756224;1130847592;0;0;95750048;1219038944;353506272;2349886536
1636053000;2021-11-04 22:10;276796488;1203001424;0;0;87716368;1201703192;364512856;2404704616
1636053060;2021-11-04 22:11;282091088;1119357688;0;0;91383048;1173012072;373474136;2292369760
1636053120;2021-11-04 22:12;365311504;1097737856;0;0;80900880;1181627552;446212384;2279365408
1636053180;2021-11-04 22:13;305023728;1032375424;0;0;77297752;1193174000;382321480;2225549424
1636053240;2021-11-04 22:14;296618704;1118114760;0;0;78992608;1174541392;375611312;2292656152
1636053300;2021-11-04 22:15;256437488;1096849456;0;0;78438856;1281912472;334876344;2378761928
1636053360;2021-11-04 22:16;260295408;1058857072;0;0;91831328;1113150720;352126736;2172007792
1636053420;2021-11-04 22:17;257482352;1048404152;0;0;88360008;1155106432;345842360;2203510584
1636053480;2021-11-04 22:18;271598744;1097410104;0;0;68393944;1162753048;339992688;2260163152
1636053540;2021-11-04 22:19;251060096;1084375520;0;0;79167432;1203592568;330227528;2287968088
1636053600;2021-11-04 22:20;293795672;1105089712;0;0;71110784;1157828880;364906456;2262918592
1636053660;2021-11-04 22:21;302450984;1094050400;0;0;81918624;1120022104;384369608;2214072504
1636053720;2021-11-04 22:22;298899192;996147144;0;0;73359680;1094046760;372258872;2090193904
1636053780;2021-11-04 22:23;293691848;1053151456;0;0;74248592;1112553608;367940440;2165705064
1636053840;2021-11-04 22:24;284265000;1056657472;0;0;81958040;1171158680;366223040;2227816152
1636053900;2021-11-04 22:25;277032264;960405752;0;0;78469088;1150292056;355501352;2110697808
1636053960;2021-11-04 22:26;272257544;988956224;0;0;70084288;1224488168;342341832;2213444392
1636054020;2021-11-04 22:27;277975088;989853760;0;0;70730560;1149172784;348705648;2139026544
1636054080;2021-11-04 22:28;263820048;941546424;0;0;71826048;1144938984;335646096;2086485408
1636054140;2021-11-04 22:29;260586848;979515680;0;0;70184680;1173982720;330771528;2153498400
1636054200;2021-11-04 22:30;261381664;1001852656;0;0;65421752;1138066864;326803416;2139919520
1636054260;2021-11-04 22:31;282855464;1040251256;0;0;68274376;1225496768;351129840;2265748024
1636054320;2021-11-04 22:32;296973584;1047251376;0;0;67915992;1136451296;364889576;2183702672
1636054380;2021-11-04 22:33;303205496;1011480560;0;0;65388280;1169273648;368593776;2180754208
1636054440;2021-11-04 22:34;304969440;897856936;0;0;67913448;1140305384;372882888;2038162320
1636054500;2021-11-04 22:35;364758944;1038147872;0;0;71354720;1134085096;436113664;2172232968
1636054560;2021-11-04 22:36;354354912;988765608;0;0;66908760;1110666496;421263672;2099432104
1636054620;2021-11-04 22:37;324559352;1003141432;0;0;69062496;1142366184;393621848;2145507616
1636054680;2021-11-04 22:38;332856592;947293792;0;0;68316112;1109486280;401172704;2056780072
1636054740;2021-11-04 22:39;316898920;922220200;0;0;67013232;1190745888;383912152;2112966088
1636054800;2021-11-04 22:40;337214968;1017322840;0;0;67002576;1089826896;404217544;2107149736
1636054860;2021-11-04 22:41;314016928;984651320;0;0;67143672;1188944472;381160600;2173595792
1636054920;2021-11-04 22:42;329886840;1001235008;0;0;68022928;1215242480;397909768;2216477488
1636054980;2021-11-04 22:43;349537368;957439760;0;0;66483480;1171703304;416020848;2129143064
1636055040;2021-11-04 22:44;343938960;958369744;0;0;68365800;1227960576;412304760;2186330320
1636055100;2021-11-04 22:45;368593312;1034630352;0;0;73765752;1244116288;442359064;2278746640
1636055160;2021-11-04 22:46;382523776;958608064;0;0;67862592;1203214632;450386368;2161822696
1636055220;2021-11-04 22:47;357704336;1012437136;0;0;69075920;1217176816;426780256;2229613952
1636055280;2021-11-04 22:48;381154064;946957424;0;0;67714512;1146633312;448868576;2093590736
1636055340;2021-11-04 22:49;374129016;987523136;0;0;67113712;1199367736;441242728;2186890872
1636055400;2021-11-04 22:50;374093168;969387576;0;0;66396680;1215735488;440489848;2185123064
1636055460;2021-11-04 22:51;366932888;957924536;0;0;78319200;1144281248;445252088;2102205784
1636055520;2021-11-04 22:52;334301688;955725616;0;0;72221408;1199058448;406523096;2154784064
1636055580;2021-11-04 22:53;376599432;1000918672;0;0;68049128;1248601072;444648560;2249519744
1636055640;2021-11-04 22:54;343900744;933311216;0;0;67246952;1215635624;411147696;2148946840
1636055700;2021-11-04 22:55;406723824;1027460056;0;0;71632272;1265175584;478356096;2292635640
1636055760;2021-11-04 22:56;382990224;905890128;0;0;65285168;1194190248;448275392;2100080376
1636055820;2021-11-04 22:57;380223136;903873416;0;0;58938936;1200206144;439162072;2104079560
1636055880;2021-11-04 22:58;359631632;886011296;0;0;59383632;1188928320;419015264;2074939616
1636055940;2021-11-04 22:59;356636264;959279776;0;0;54218184;1087311168;410854448;2046590944
1636056000;2021-11-04 23:00;375343608;912540408;0;0;56413784;1242479480;431757392;2155019888
1636056060;2021-11-04 23:01;366655296;1011296656;0;0;54932840;1118701192;421588136;2129997848
1636056120;2021-11-04 23:02;346821848;1022144448;0;0;61325168;1108090968;408147016;2130235416
1636056180;2021-11-04 23:03;347743576;1023350128;0;0;75516096;1096227896;423259672;2119578024
1636056240;2021-11-04 23:04;351667528;979850480;0;0;63192968;1128290304;414860496;2108140784
1636056300;2021-11-04 23:05;347630040;1040923240;0;0;59125112;1243693672;406755152;2284616912
1636056360;2021-11-04 23:06;360851208;1000562992;0;0;55689496;1350142424;416540704;2350705416
1636056420;2021-11-04 23:07;384192400;994550856;0;0;55993368;1224521120;440185768;2219071976
1636056480;2021-11-04 23:08;402418288;1008178128;0;0;55112016;1232089600;457530304;2240267728
1636056540;2021-11-04 23:09;386072472;980299608;0;0;53701280;1260841368;439773752;2241140976
1636056600;2021-11-04 23:10;410328232;1023181272;0;0;57792128;1290127520;468120360;2313308792
1636056660;2021-11-04 23:11;401735696;1011797824;0;0;56674224;1214607544;458409920;2226405368
1636056720;2021-11-04 23:12;399774696;1065358856;0;0;57851400;1216641840;457626096;2282000696
1636056780;2021-11-04 23:13;375544680;1080309744;0;0;54095304;1125521048;429639984;2205830792
1636056840;2021-11-04 23:14;373551472;1046517168;0;0;59856152;1259114336;433407624;2305631504
1636056900;2021-11-04 23:15;379739904;1031304072;0;0;84403272;1209507488;464143176;2240811560
1636056960;2021-11-04 23:16;408867800;929532472;0;0;83230144;1144234048;492097944;2073766520
1636057020;2021-11-04 23:17;395929824;995891896;0;0;82628008;1135573376;478557832;2131465272
1636057080;2021-11-04 23:18;349437464;989154832;0;0;81196840;1131593544;430634304;2120748376
1636057140;2021-11-04 23:19;399160144;953724248;0;0;82331616;1108543760;481491760;2062268008
1636057200;2021-11-04 23:20;399502056;914315696;0;0;80906752;1051274760;480408808;1965590456
1636057260;2021-11-04 23:21;396315896;931232528;0;0;81975920;1113244432;478291816;2044476960
1636057320;2021-11-04 23:22;430303112;951149744;0;0;77511904;1084031752;507815016;2035181496
1636057380;2021-11-04 23:23;420138136;904389624;0;0;79448680;1199034136;499586816;2103423760
1636057440;2021-11-04 23:24;410033928;949711840;0;0;77742864;1075418920;487776792;2025130760
1636057500;2021-11-04 23:25;403972880;960721832;0;0;82165560;1206677984;486138440;2167399816
1636057560;2021-11-04 23:26;397099440;935974560;0;0;79080800;1264535384;476180240;2200509944
1636057620;2021-11-04 23:27;372933648;965851032;0;0;82060240;1161148648;454993888;2126999680
1636057680;2021-11-04 23:28;378366264;974037408;0;0;81164248;1104220616;459530512;2078258024
1636057740;2021-11-04 23:29;360659408;965416136;0;0;78145696;1224583792;438805104;2189999928
1636057800;2021-11-04 23:30;397994080;951886472;0;0;76692408;1133011536;474686488;2084898008
1636057860;2021-11-04 23:31;361000816;923018408;0;0;77942912;1094605800;438943728;2017624208
1636057920;2021-11-04 23:32;415257560;859519408;0;0;80458632;1071372792;495716192;1930892200
1636057980;2021-11-04 23:33;373423136;972225912;0;0;78268240;1053103344;451691376;2025329256
1636058040;2021-11-04 23:34;388081736;905099512;0;0;78888096;1025667448;466969832;1930766960
1636058100;2021-11-04 23:35;451013176;960420904;0;0;85633896;1006368096;536647072;1966789000
1636058160;2021-11-04 23:36;424510488;962996296;0;0;77646656;1036199576;502157144;1999195872
1636058220;2021-11-04 23:37;429464264;895124472;0;0;77639416;1001303288;507103680;1896427760
1636058280;2021-11-04 23:38;433916304;977003704;0;0;79657904;1056102432;513574208;2033106136
1636058340;2021-11-04 23:39;447333872;923545920;0;0;76392056;1074290064;523725928;1997835984
1636058400;2021-11-04 23:40;444145744;892864344;0;0;75992160;1151178688;520137904;2044043032
1636058460;2021-11-04 23:41;442919024;848545696;0;0;78159984;1101879784;521079008;1950425480
1636058520;2021-11-04 23:42;450043696;957615024;0;0;76549480;1153540568;526593176;2111155592
1636058580;2021-11-04 23:43;420888192;967953968;0;0;76779304;1124378784;497667496;2092332752
1636058640;2021-11-04 23:44;427781416;937749248;0;0;78973936;1175614376;506755352;2113363624
1636058700;2021-11-04 23:45;419165776;917153800;0;0;85402000;1198282552;504567776;2115436352
1636058760;2021-11-04 23:46;450890088;917657080;0;0;76897304;1162625784;527787392;2080282864
1636058820;2021-11-04 23:47;470060632;878444552;0;0;76650592;1167742136;546711224;2046186688
1636058880;2021-11-04 23:48;486993376;886788280;0;0;76834896;1128385328;563828272;2015173608
1636058940;2021-11-04 23:49;509914344;887809352;0;0;76210840;1052281472;586125184;1940090824
1636059000;2021-11-04 23:50;497248064;862240784;0;0;83230192;1124009104;580478256;1986249888
1636059060;2021-11-04 23:51;491254080;887847376;0;0;78989472;1002660056;570243552;1890507432
1636059120;2021-11-04 23:52;455383488;874891832;0;0;82558872;1033642240;537942360;1908534072
1636059180;2021-11-04 23:53;453018128;886322008;0;0;82935240;1072485808;535953368;1958807816
1636059240;2021-11-04 23:54;458411088;884960008;0;0;74994128;1091487928;533405216;1976447936
1636059300;2021-11-04 23:55;454107024;914706152;0;0;79892912;1051570032;533999936;1966276184
1636059360;2021-11-04 23:56;445350688;915243016;0;0;73559040;985276184;518909728;1900519200
1636059420;2021-11-04 23:57;487859336;857247344;0;0;77523776;1079304392;565383112;1936551736
1636059480;2021-11-04 23:58;498323592;833770192;0;0;73759088;1031587736;572082680;1865357928
1636059540;2021-11-04 23:59;492203352;821409568;0;0;72594336;1048022128;564797688;1869431696
